
fixedu Hubbard 0.9002609687007491 10.5 67.30533512968125 6 2 2 0,1,0,1 4,5,4,5 5.615084858530549,1.172015344525682,11.868284174784714,1.172015344525682,5.615084858530549


fixedu Hubbard 0.9002609687007491 10.5 67.30533512968125 6 2 2 0,1,0,1 4,5,4,5 5.615084858530549,1.172015344525682,11.868284174784714,1.172015344525682,5.615084858530549

fixedu Hubbard 0.7831011096377605 0.5 2.706896550953388 6 1 1 0,0 5,5 6.292224630713463,58.672604978084564,48.32689395546913,58.672604978084564,6.292224630713463
fixedu Hubbard 0.9572972080545238 0.5 1.5321028757369568 6 1 1 0,0 5,5 11.363598657502878,100.0,80.97824186942495,100.0,11.363598657502878
fixedu Hubbard 0.9706385684402763 0.5 61.57010708179382 6 1 1 0,0 5,5 3.4072092808783054,94.80638432981095,66.27276789232201,94.80638432981095,3.4072092808783054
fixedu Hubbard 0.9955402375982207 0.5 63.09109055878192 6 1 1 0,0 5,5 3.302066053770089,92.59345104315446,64.96480508237075,92.59345104315446,3.302066053770089

fixedu Hubbard 0.07659266694176425 0.5 5.8343736454844475 6 1 1 0,0 5,5 7.948263920843601,8.379409860819578,7.4158481657505035,8.379409860819578,7.948263920843601
fixedu Hubbard 0.14598973238795798 0.5 10.194945931434631 6 1 1 0,0 5,5 6.465745002031326,6.896890938282013,1.7764204442501068,6.896890938282013,6.465745002031326
fixedu Hubbard 0.1997438176300934 0.5 13.45342991873622 6 1 1 0,0 5,5 4.35702158510685,4.788167521357536,5.034904431551695,4.788167521357536,4.35702158510685
fixedu Hubbard 0.9253623953839173 0.5 16.8215698482906 6 1 1 0,0 5,5 3.4312103156232605,3.776564711673466,4.02081364867781,3.776564711673466,3.4312103156232605
fixedu Hubbard 0.9290952663968295 0.5 1.6126420497894287 6 1 1 0,0 5,5 3.5779635407961905,8.426058051681423,7.030777210264432,8.426058051681423,3.5779635407961905
fixedu Hubbard 0.9667140421969744 0.5 1.3324137883209473 6 1 1 0,0 5,5 4.253372700453417,10.0,8.24233062355768,10.0,4.253372700453417
fixedu Hubbard 0.9667140422053131 0.5 1.3324139149910996 6 1 1 0,0 5,5 4.253374539155391,10.0,8.242332780321393,10.0,4.253374539155391
fixedu Hubbard 0.9667140422055024 0.5 1.3324139447091667 6 1 1 0,0 5,5 4.253374857914677,10.0,8.242333399000383,10.0,4.253374857914677

fixedu Hubbard 0.12063214904828101 0.5 8.213314205408096 4 1 1 0,0 3,3 0.7159789316356182,0.44822491332888603,0.7159789316356182
fixedu Hubbard 0.4149487239378087 0.5 7.134211525321007 4 1 1 0,0 3,3 1.66668301820755,9.421646408736706,1.66668301820755
fixedu Hubbard 0.4847156565910027 0.5 7.509768508005688 4 1 1 0,0 3,3 1.5366280504936414,10.0,1.5366280504936414
fixedu Hubbard 0.5104596466361129 0.5 15.336543589830399 4 1 1 0,0 3,3 6.393784582614899,8.75205010175705,6.393784582614899
fixedu Hubbard 0.9962370281484255 0.5 18.842195399656873 4 1 1 0,0 3,3 5.2238367284085,7.164395257384114,5.2238367284085
fixedu Hubbard 0.9983512533282481 0.5 0.31430145342197896 4 1 1 0,0 3,3 8.657703049862263,9.990107079899936,8.657703049862263
fixedu Hubbard 0.998352367224013 0.5 0.3142995075439983 4 1 1 0,0 3,3 8.655144736274066,9.99324592730572,8.655144736274066
fixedu Hubbard 0.9983524008969318 0.5 0.3142995075439983 4 1 1 0,0 3,3 8.65530107334326,9.99324592730572,8.65530107334326
fixedu Hubbard 0.9983549923444089 0.5 0.3139968639378551 4 1 1 0,0 3,3 8.664294796824164,10.0,8.664294796824164
fixedu Hubbard 0.9992224179265679 0.5 18.847480583877132 4 1 1 0,0 3,3 6.557274624653986,9.164062444090193,6.557274624653986
fixedu Hubbard 0.9992224179266682 0.5 18.847480583035253 4 1 1 0,0 3,3 6.557274636167914,9.164062443941626,6.557274636167914
fixedu Hubbard 0.9992224180521816 0.5 18.847406989311104 4 1 1 0,0 3,3 6.557300121453202,9.164098285524139,6.557300121453202
fixedu Hubbard 0.9992224180596954 0.5 18.847407020508516 4 1 1 0,0 3,3 6.557300230660164,9.164098269098268,6.557300230660164
fixedu Hubbard 0.9992224180601761 0.5 18.847407002004044 4 1 1 0,0 3,3 6.557300241245351,9.16409821127179,6.557300241245351

fixedu Hubbard 0.9675712842462515 3.0 3.108775048148636 4 1 1 0,0 3,3 4.900103969319314,6.893654549186884,4.900103969319314
fixedu Hubbard 0.9704227601584104 3.0 19.864859783907804 4 1 1 0,0 3,3 0.47587072482272674,1.306035036441548,0.47587072482272674
fixedu Hubbard 0.9791358640587805 3.0 20.0 4 1 1 0,0 3,3 0.46697318553349587,1.3138484008507854,0.46697318553349587

fixedu Hubbard 0.9675712842462515 3.0 3.108775048148636 4 1 1 0,0 3,3 4.900103969319314,6.893654549186884,4.900103969319314
fixedu Hubbard 0.9675712848204292 3.0 3.108778477494835 4 1 1 0,0 3,3 4.900096212622262,6.893662567746856,4.900096212622262
fixedu Hubbard 0.9675712848662507 3.0 3.1087776278758392 4 1 1 0,0 3,3 4.900095827163429,6.893662560953248,4.900095827163429
fixedu Hubbard 0.9675712848769814 3.0 3.1087777033432293 4 1 1 0,0 3,3 4.900095581355357,6.893664574854463,4.900095581355357
fixedu Hubbard 0.9675712848796484 3.0 3.1087774598126403 4 1 1 0,0 3,3 4.900095561666647,6.893664580128225,4.900095561666647
fixedu Hubbard 0.9801338786468288 3.0 14.577121724247297 4 1 1 0,0 3,3 2.646794442182479,8.783998872976813,2.646794442182479
fixedu Hubbard 0.9823202602413483 3.0 15.595951096248577 4 1 1 0,0 3,3 0.5100562778616179,1.6842527643678094,0.5100562778616179
fixedu Hubbard 0.982320260313672 3.0 15.595951168007256 4 1 1 0,0 3,3 0.5100558928150138,1.684249994365845,0.5100558928150138
fixedu Hubbard 0.9823202603141569 3.0 15.595946569298457 4 1 1 0,0 3,3 0.5100561583636627,1.6842495525659824,0.5100561583636627
fixedu Hubbard 0.982320260314182 3.0 15.59594594895812 4 1 1 0,0 3,3 0.5100561777830308,1.6842496577540587,0.5100561777830308
fixedu Hubbard 0.982320260314977 3.0 15.595948482342909 4 1 1 0,0 3,3 0.5100560802409335,1.6842497834228807,0.5100560802409335
fixedu Hubbard 0.9823202603150186 3.0 15.595948266449025 4 1 1 0,0 3,3 0.510056039856723,1.684249792667988,0.510056039856723
fixedu Hubbard 0.9823202603150433 3.0 15.595948657288428 4 1 1 0,0 3,3 0.5100560430154634,1.6842498894552564,0.5100560430154634
fixedu Hubbard 0.982320260315062 3.0 15.595948150979071 4 1 1 0,0 3,3 0.5100560758875026,1.6842498308048857,0.5100560758875026
fixedu Hubbard 0.983300837417551 3.0 18.799851559966307 4 1 1 0,0 3,3 0.8647818597816572,2.0341882507993483,0.8647818597816572
fixedu Hubbard 0.9833008374175836 3.0 18.799851609734933 4 1 1 0,0 3,3 0.8647818567719636,2.0341882814391172,0.8647818567719636
fixedu Hubbard 0.9833008374175927 3.0 18.79985164341288 4 1 1 0,0 3,3 0.8647818602522899,2.0341882758136807,0.8647818602522899
fixedu Hubbard 0.9904599676482205 3.0 19.75692473894821 4 1 1 0,0 3,3 0.44667976634607104,1.6461515640927267,0.44667976634607104
fixedu Hubbard 0.9904599676490884 3.0 19.756923189943016 4 1 1 0,0 3,3 0.4466798327429752,1.6461516539851935,0.4466798327429752
fixedu Hubbard 0.9904599676491375 3.0 19.756921795794028 4 1 1 0,0 3,3 0.44667985915478226,1.6461515647914131,0.44667985915478226
fixedu Hubbard 0.9904599676491602 3.0 19.75692233644812 4 1 1 0,0 3,3 0.44667982398891515,1.6461516448300797,0.44667982398891515
fixedu Hubbard 0.9904599676491607 3.0 19.756922321482794 4 1 1 0,0 3,3 0.4466798655846007,1.6461515865260206,0.4466798655846007
fixedu Hubbard 0.9904599676492187 3.0 19.756922177812385 4 1 1 0,0 3,3 0.44667984308899195,1.6461515739240662,0.44667984308899195
fixedu Hubbard 0.9904599676492388 3.0 19.756922349839446 4 1 1 0,0 3,3 0.44667982909520254,1.6461515831168911,0.44667982909520254

fixedu Hubbard 0.06357321008463512 10.5 0.7789832949638367 4 1 1 0,0 3,3 55.848728220909834,53.61602781713009,55.848728220909834
fixedu Hubbard 0.06361218900280752 10.5 4.194738656282425 4 1 1 0,0 3,3 29.264483585953712,27.031783178448677,29.264483585953712
fixedu Hubbard 0.4313034708972562 10.5 2.8439948186278343 4 1 1 0,0 3,3 48.67399948835373,25.681039340794086,48.67399948835373
fixedu Hubbard 0.49508189788970314 10.5 2.8457352679826466 4 1 1 0,0 3,3 48.55054485261309,25.642295109976956,48.55054485261309
fixedu Hubbard 0.5912419867567666 10.5 6.675209768116474 4 1 1 0,0 3,3 22.38001935184002,99.47176960855722,22.38001935184002
fixedu Hubbard 0.9017586657482476 10.5 6.539121657331866 4 1 1 0,0 3,3 23.125547648261957,102.34829602078577,23.125547648261957
fixedu Hubbard 0.9018746918003843 10.5 3.2214792410377413 4 1 1 0,0 3,3 73.8203429870916,43.73761015681822,73.8203429870916
fixedu Hubbard 0.9358522420400021 10.5 3.28443569439206 4 1 1 0,0 3,3 72.39898496203179,42.88016187925214,72.39898496203179
fixedu Hubbard 0.9441626394626741 10.5 3.28443569439206 4 1 1 0,0 3,3 66.36049436495247,42.880281416416466,66.36049436495247
fixedu Hubbard 0.9444214567588434 10.5 3.28443569439206 4 1 1 0,0 3,3 66.36049436495247,42.8957406430072,66.36049436495247
fixedu Hubbard 0.9550024450849792 10.5 3.2902612722200497 4 1 1 0,0 3,3 66.26634191271634,42.814848975302255,66.26634191271634
fixedu Hubbard 0.9615890821355675 10.5 4.493242787109388 4 1 1 0,0 3,3 24.017408874705893,119.46775685378077,24.017408874705893
fixedu Hubbard 0.9712086720134468 10.5 4.5052147018109325 4 1 1 0,0 3,3 23.90894468517346,119.11500536969324,23.90894468517346
fixedu Hubbard 0.9712086720135336 10.5 4.505214719692344 4 1 1 0,0 3,3 23.908944681121834,119.11500537209945,23.908944681121834
fixedu Hubbard 0.9947271037999463 10.5 0.02663040115705883 4 1 1 0,0 3,3 101.91391394523517,117.78085354490145,101.91391394523517
fixedu Hubbard 0.9947722387363789 10.5 0.02663040115705883 4 1 1 0,0 3,3 102.08082743597518,118.18359569835474,102.08082743597518
fixedu Hubbard 0.9947741983778269 10.5 0.02662067972316628 4 1 1 0,0 3,3 102.08082749387724,118.18359564947632,102.08082749387724
fixedu Hubbard 0.9947767797706899 10.5 0.02662067972316628 4 1 1 0,0 3,3 102.08082749387724,118.15705978210303,102.08082749387724
fixedu Hubbard 0.9947768284026103 10.5 0.026622098539252324 4 1 1 0,0 3,3 102.08083442045718,118.1570566909087,102.08083442045718
fixedu Hubbard 0.9947792328079605 10.5 0.026622098539252324 4 1 1 0,0 3,3 102.09296810901404,118.1570566909087,102.09296810901404
fixedu Hubbard 0.9947793408828456 10.5 0.026619812001776526 4 1 1 0,0 3,3 102.09296812982326,118.15705668073555,102.09296812982326
fixedu Hubbard 0.9947810930695469 10.5 0.026619812001776526 4 1 1 0,0 3,3 102.10198464851564,118.15705668073555,102.10198464851564
fixedu Hubbard 0.9947811569241147 10.5 0.026618053443632904 4 1 1 0,0 3,3 102.10198466552127,118.15705667288614,102.10198466552127
fixedu Hubbard 0.9947812916578949 10.5 0.026618053443632904 4 1 1 0,0 3,3 102.10266400365248,118.15705667288614,102.10266400365248
fixedu Hubbard 0.9947812919924366 10.5 0.026617939416738366 4 1 1 0,0 3,3 102.10266400774681,118.15705667114241,102.10266400774681
fixedu Hubbard 0.9947825903406119 10.5 0.026617939416738366 4 1 1 0,0 3,3 102.10821917268674,118.15431300384444,102.10821917268674
fixedu Hubbard 0.9947826087625301 10.5 0.0266169926109821 4 1 1 0,0 3,3 102.10821918400526,118.15431299898617,102.10821918400526
fixedu Hubbard 0.9947882745118819 10.5 0.0266169926109821 4 1 1 0,0 3,3 102.10986341795345,117.94983655953803,102.10986341795345
fixedu Hubbard 0.9947908960711168 10.5 0.026628226739442637 4 1 1 0,0 3,3 102.10986342310093,117.9498365602208,102.10986342310093
fixedu Hubbard 0.9947932729724122 10.5 0.026605008747578787 4 1 1 0,0 3,3 102.25154441619863,117.8710908871357,102.25154441619863
fixedu Hubbard 0.9947941694676096 10.5 0.026605008747578787 4 1 1 0,0 3,3 102.25154441619863,117.88051194014875,102.25154441619863
fixedu Hubbard 0.9947941750998412 10.5 0.026604488441138014 4 1 1 0,0 3,3 102.25154441589422,117.88051194290738,102.25154441589422
fixedu Hubbard 0.9947941840774569 10.5 0.026604488441138014 4 1 1 0,0 3,3 102.25154441589422,117.88060759255126,102.25154441589422
fixedu Hubbard 0.9947941840775947 10.5 0.02660447786049534 4 1 1 0,0 3,3 102.2515444157249,117.88060759491567,102.2515444157249
fixedu Hubbard 0.9947945824801698 10.5 0.02660447786049534 4 1 1 0,0 3,3 102.2515444157249,117.88490436314004,102.2515444157249
fixedu Hubbard 0.9947945836441413 10.5 0.026604243417492193 4 1 1 0,0 3,3 102.2515444155719,117.88490436527515,102.2515444155719
fixedu Hubbard 0.9947945845456747 10.5 0.026604243417492193 4 1 1 0,0 3,3 102.25135089390889,117.88490436527515,102.25135089390889
fixedu Hubbard 0.9947945845719567 10.5 0.026604273879801438 4 1 1 0,0 3,3 102.25135089380471,117.8849043674649,102.25135089380471
fixedu Hubbard 0.9947945892563463 10.5 0.026604273879801438 4 1 1 0,0 3,3 102.24984546644305,117.8849043674649,102.24984546644305
fixedu Hubbard 0.9947945910696144 10.5 0.026604620576047927 4 1 1 0,0 3,3 102.24984546639746,117.88490437007279,102.24984546639746
fixedu Hubbard 0.9947982435972069 10.5 0.026604620576047927 4 1 1 0,0 3,3 102.24017959178065,117.93197967813867,102.24017959178065
fixedu Hubbard 0.994798257377801 10.5 0.02660380597642905 4 1 1 0,0 3,3 102.24017959238337,117.93197968048294,102.24017959238337
fixedu Hubbard 0.9948076603079109 10.5 0.026573373897423317 4 1 1 0,0 3,3 102.36707618038918,118.0336664355136,102.36707618038918
fixedu Hubbard 0.9948259244997488 10.5 0.02653967511469805 4 1 1 0,0 3,3 102.4643291865149,118.29747056738951,102.4643291865149
fixedu Hubbard 0.9948267976312528 10.5 0.026528331081301277 4 1 1 0,0 3,3 102.47685735911647,118.45639272929066,102.47685735911647
fixedu Hubbard 0.9948279064826071 10.5 0.02651876280468785 4 1 1 0,0 3,3 102.5046166353194,118.53108226664403,102.5046166353194
fixedu Hubbard 0.9948310284578924 10.5 0.02651876280468785 4 1 1 0,0 3,3 102.58296030138101,118.57564277447511,102.58296030138101
fixedu Hubbard 0.9948313079341362 10.5 0.02651876280468785 4 1 1 0,0 3,3 102.58296030138101,118.57165973144942,102.58296030138101
fixedu Hubbard 0.9948376743402814 10.5 0.02650133473711453 4 1 1 0,0 3,3 102.58296029659122,118.57165968573827,102.58296029659122
fixedu Hubbard 0.99483959239711 10.5 0.02650133473711453 4 1 1 0,0 3,3 102.61407542382938,118.60437619103877,102.61407542382938
fixedu Hubbard 0.9948408832258779 10.5 0.026493488650912757 4 1 1 0,0 3,3 102.61407544465071,118.60437617741296,102.61407544465071
fixedu Hubbard 0.9948409104532366 10.5 0.026493488650912757 4 1 1 0,0 3,3 102.61431488556659,118.50129821018066,102.61431488556659
fixedu Hubbard 0.9948415966762897 10.5 0.026499203385866935 4 1 1 0,0 3,3 102.61431489070407,118.50129821115176,102.61431489070407
fixedu Hubbard 0.9948416014991849 10.5 0.026499203385866935 4 1 1 0,0 3,3 102.61431489070407,118.50165411310596,102.61431489070407
fixedu Hubbard 0.994841601503483 10.5 0.026499183410750877 4 1 1 0,0 3,3 102.61431489272938,118.50165411342869,102.61431489272938
fixedu Hubbard 0.9948530597630864 10.5 0.026437891385096488 4 1 1 0,0 3,3 102.91154948232682,118.57213216174728,102.91154948232682
fixedu Hubbard 0.9948565920294136 10.5 0.026437891385096488 4 1 1 0,0 3,3 102.91154948232682,118.60366947840203,102.91154948232682
fixedu Hubbard 0.9948566566765423 10.5 0.02643613965365752 4 1 1 0,0 3,3 102.91154947960801,118.6036694858436,102.91154947960801
fixedu Hubbard 0.9948632499783338 10.5 0.026443033536944393 4 1 1 0,0 3,3 102.82947167583117,118.76404019069332,102.82947167583117
fixedu Hubbard 0.994864520821871 10.5 0.026443033536944393 4 1 1 0,0 3,3 102.84713435251791,118.76404019069332,102.84713435251791
fixedu Hubbard 0.9948647656816185 10.5 0.02643962354945455 4 1 1 0,0 3,3 102.84713435981362,118.76404019179849,102.84713435981362
fixedu Hubbard 0.9948648020556641 10.5 0.02643962354945455 4 1 1 0,0 3,3 102.84713435981362,118.76641802769939,102.84713435981362
fixedu Hubbard 0.9948648024144179 10.5 0.026439506849586368 4 1 1 0,0 3,3 102.84713436145849,118.76641802798996,102.84713436145849
fixedu Hubbard 0.9948648500709022 10.5 0.026439506849586368 4 1 1 0,0 3,3 102.84771886027599,118.76641802798996,102.84771886027599
fixedu Hubbard 0.9948648504074863 10.5 0.026439393438778075 4 1 1 0,0 3,3 102.84771886192296,118.76641802829641,102.84771886192296
fixedu Hubbard 0.9948648551834496 10.5 0.026439393438778075 4 1 1 0,0 3,3 102.84771886192296,118.76673360941408,102.84771886192296
fixedu Hubbard 0.9948648552038023 10.5 0.026439357869580304 4 1 1 0,0 3,3 102.8477188638269,118.76673360976608,102.8477188638269
fixedu Hubbard 0.9948649079476103 10.5 0.026439357869580304 4 1 1 0,0 3,3 102.84836636218836,118.76673360976608,102.84836636218836
fixedu Hubbard 0.994864938768766 10.5 0.026439357869580304 4 1 1 0,0 3,3 102.84836636218836,118.76884707332073,102.84836636218836
fixedu Hubbard 0.9948649399623063 10.5 0.026439117656016517 4 1 1 0,0 3,3 102.84836636408403,118.76884707365252,102.84836636408403
fixedu Hubbard 0.9948925169059348 10.5 0.026363094555552687 4 1 1 0,0 3,3 103.17061789084964,119.02390176740028,103.17061789084964
fixedu Hubbard 0.9948925397026125 10.5 0.026363094555552687 4 1 1 0,0 3,3 103.1714136303959,119.02390176740028,103.1714136303959
fixedu Hubbard 0.9948925401567433 10.5 0.026362964642619474 4 1 1 0,0 3,3 103.17141363095236,119.02390176860648,103.17141363095236
fixedu Hubbard 0.9948982224742462 10.5 0.02634565355001546 4 1 1 0,0 3,3 103.19076424710218,119.2696468902947,103.19076424710218
fixedu Hubbard 0.9948984932679248 10.5 0.02634565355001546 4 1 1 0,0 3,3 103.1928966088426,119.2696468902947,103.1928966088426
fixedu Hubbard 0.9948984967749486 10.5 0.026345247094200892 4 1 1 0,0 3,3 103.1928966126818,119.26964688949188,103.1928966126818
fixedu Hubbard 0.994898695889322 10.5 0.026350649724207642 4 1 1 0,0 3,3 103.1958277167214,119.25247708442876,103.1958277167214
fixedu Hubbard 0.9948992291107168 10.5 0.026345635046507918 4 1 1 0,0 3,3 103.19582773227205,119.25247707878144,103.19582773227205
fixedu Hubbard 0.994900851942556 10.5 0.026345635046507918 4 1 1 0,0 3,3 103.25506761145508,119.30822082546962,103.25506761145508
fixedu Hubbard 0.9949052536318398 10.5 0.02633123813921888 4 1 1 0,0 3,3 103.25506760989818,119.30822079993767,103.25506760989818
fixedu Hubbard 0.9949053399517279 10.5 0.02633123813921888 4 1 1 0,0 3,3 103.25506760989818,119.30003627915448,103.25506760989818
fixedu Hubbard 0.9949053443120266 10.5 0.026331690441372 4 1 1 0,0 3,3 103.25506761319271,119.3000362788991,103.25506761319271
fixedu Hubbard 0.9949053443120383 10.5 0.026331689317174656 4 1 1 0,0 3,3 103.25506761387666,119.30003627884003,103.25506761387666
fixedu Hubbard 0.9949053443120385 10.5 0.02633168877142813 4 1 1 0,0 3,3 103.25506761432909,119.30003627880059,103.25506761432909
fixedu Hubbard 0.9949757582728074 10.5 0.026138564827008704 4 1 1 0,0 3,3 104.07145232285716,120.0,104.07145232285716
fixedu Hubbard 0.9949757582728089 10.5 0.02613856482700814 4 1 1 0,0 3,3 104.07145232285716,120.0,104.07145232285716
fixedu Hubbard 0.9949757582728096 10.5 0.02613856482691891 4 1 1 0,0 3,3 104.07145232285716,120.0,104.07145232285716
fixedu Hubbard 0.99497575827281 10.5 0.026138564826918866 4 1 1 0,0 3,3 104.07145232285716,120.0,104.07145232285716
fixedu Hubbard 0.9949757582732038 10.5 0.026138571279851853 4 1 1 0,0 3,3 104.0714334380175,120.0,104.0714334380175
fixedu Hubbard 0.994975758273205 10.5 0.026138571274626474 4 1 1 0,0 3,3 104.0714334380175,120.0,104.0714334380175

fixedu Hubbard 0.422191981246387 10.5 19.076342441141605 4 1 1 0,0 3,3 46.19366255402565,23.404293455183506,46.19366255402565
fixedu Hubbard 0.4553388085367589 10.5 19.147258664679153 4 1 1 0,0 3,3 46.018482794652286,23.325533057756317,46.018482794652286
fixedu Hubbard 0.6438102548414963 10.5 10.278692990541458 4 1 1 0,0 3,3 32.269531935453415,118.38215249404311,32.269531935453415
fixedu Hubbard 0.7856149901879527 10.5 10.162738159626182 4 1 1 0,0 3,3 32.699962931105,119.72001729751436,32.699962931105
fixedu Hubbard 0.8592517484224945 10.5 19.10388808857533 4 1 1 0,0 3,3 44.41375022823922,78.56931653618813,44.41375022823922
fixedu Hubbard 0.9385356277560996 10.5 19.139120638280406 4 1 1 0,0 3,3 44.327966542428825,78.45266727119292,44.327966542428825
fixedu Hubbard 0.946834639484826 10.5 16.16734093427658 4 1 1 0,0 3,3 28.431190864706124,106.6173380561413,28.431190864706124
fixedu Hubbard 0.952031157917684 10.5 16.158905787883846 4 1 1 0,0 3,3 28.447406302616866,106.65858645333304,28.447406302616866
fixedu Hubbard 0.9520311580925498 10.5 16.158906150680135 4 1 1 0,0 3,3 28.447406279299205,106.65858651488945,28.447406279299205
fixedu Hubbard 0.9520311581546868 10.5 16.15890606535102 4 1 1 0,0 3,3 28.44740568233085,106.65858675154688,28.44740568233085
fixedu Hubbard 0.9520311581786286 10.5 16.15890619470056 4 1 1 0,0 3,3 28.4474056578528,106.65858676856986,28.4474056578528
fixedu Hubbard 0.9775364210602121 10.5 19.13376675481917 4 1 1 0,0 3,3 21.95485463379202,117.07490300282193,21.95485463379202
fixedu Hubbard 0.9896036800492084 10.5 14.353747742223163 4 1 1 0,0 3,3 29.305498314151098,83.31263029343384,29.305498314151098
fixedu Hubbard 0.9896036800510343 10.5 14.353747767235872 4 1 1 0,0 3,3 29.305498375155867,83.3126303109621,29.305498375155867
fixedu Hubbard 0.9896036800536097 10.5 14.353747722366876 4 1 1 0,0 3,3 29.305498406479675,83.3126303342104,29.305498406479675
fixedu Hubbard 0.9896036800543865 10.5 14.353747741817257 4 1 1 0,0 3,3 29.305498425277513,83.31263034977415,29.305498425277513
fixedu Hubbard 0.9896036800547785 10.5 14.353747712855963 4 1 1 0,0 3,3 29.30549843168864,83.31263036062909,29.30549843168864
fixedu Hubbard 0.9896036800556974 10.5 14.353747733997901 4 1 1 0,0 3,3 29.305498443411746,83.31263037441887,29.305498443411746
fixedu Hubbard 0.9896036800557213 10.5 14.353747718463325 4 1 1 0,0 3,3 29.305498450058685,83.31263037302841,29.305498450058685
fixedu Hubbard 0.9896036800574693 10.5 14.353747732705994 4 1 1 0,0 3,3 29.305498498401512,83.31263042160627,29.305498498401512
fixedu Hubbard 0.9896036800589418 10.5 14.353747701581868 4 1 1 0,0 3,3 29.305498510755054,83.312630425606,29.305498510755054
fixedu Hubbard 0.9896036807512919 10.5 14.353743257596308 4 1 1 0,0 3,3 29.305507756511332,83.31265612127297,29.305507756511332
fixedu Hubbard 0.9896036807514076 10.5 14.35374321686849 4 1 1 0,0 3,3 29.305507706430014,83.31265626408768,29.305507706430014
fixedu Hubbard 0.989603680752924 10.5 14.353743245949824 4 1 1 0,0 3,3 29.305507714891725,83.3126562660716,29.305507714891725
fixedu Hubbard 0.9896036807535765 10.5 14.353743256839257 4 1 1 0,0 3,3 29.30550773722139,83.31265628481736,29.30550773722139
fixedu Hubbard 0.9896036807538183 10.5 14.353743238314708 4 1 1 0,0 3,3 29.305507742520607,83.31265628364022,29.305507742520607
fixedu Hubbard 0.9896036807544278 10.5 14.35374324794075 4 1 1 0,0 3,3 29.305507767829788,83.31265631091662,29.305507767829788
fixedu Hubbard 0.9896036807563703 10.5 14.35374320006106 4 1 1 0,0 3,3 29.305507809868615,83.31265642125261,29.305507809868615
fixedu Hubbard 0.9896036809399111 10.5 14.353738761986193 4 1 1 0,0 3,3 29.30551748709792,83.31268038390165,29.30551748709792
fixedu Hubbard 0.989603680977452 10.5 14.353738901146437 4 1 1 0,0 3,3 29.305517455632007,83.31268042486802,29.305517455632007
fixedu Hubbard 0.9896036810030405 10.5 14.353738823469724 4 1 1 0,0 3,3 29.30551712494594,83.3126804585067,29.30551712494594
fixedu Hubbard 0.9896036810309604 10.5 14.353738953139292 4 1 1 0,0 3,3 29.305517101925652,83.31268047929716,29.305517101925652
fixedu Hubbard 0.9896036810668728 10.5 14.353738971669967 4 1 1 0,0 3,3 29.305516515208687,83.3126806807131,29.305516515208687
fixedu Hubbard 0.9896036810711016 10.5 14.353739016658698 4 1 1 0,0 3,3 29.30551651808366,83.31268068659669,29.30551651808366
fixedu Hubbard 0.9896036810885162 10.5 14.353735727957158 4 1 1 0,0 3,3 29.305523226622345,83.31269980330275,29.305523226622345
fixedu Hubbard 0.9896036810889838 10.5 14.353735739560335 4 1 1 0,0 3,3 29.305523272409307,83.3126997949177,29.305523272409307
fixedu Hubbard 0.9896036810890246 10.5 14.353735727450541 4 1 1 0,0 3,3 29.30552329182121,83.3126998297421,29.30552329182121
fixedu Hubbard 0.9896036810890478 10.5 14.353735725720272 4 1 1 0,0 3,3 29.305523292473296,83.31269982975975,29.305523292473296
fixedu Hubbard 0.9896036810891095 10.5 14.353735725720279 4 1 1 0,0 3,3 29.305523292473293,83.31269982975975,29.305523292473293
fixedu Hubbard 0.9896036810892217 10.5 14.353735725732234 4 1 1 0,0 3,3 29.305523292428973,83.31269982973436,29.305523292428973
fixedu Hubbard 0.9896036810892266 10.5 14.353735725727924 4 1 1 0,0 3,3 29.305523292426347,83.31269982972195,29.305523292426347
fixedu Hubbard 0.9896036810892496 10.5 14.353735725727905 4 1 1 0,0 3,3 29.30552329242636,83.31269982972192,29.30552329242636
fixedu Hubbard 0.9896036811043684 10.5 14.353737310815992 4 1 1 0,0 3,3 29.30551993135695,83.31269067755696,29.30551993135695
fixedu Hubbard 0.9896036811044795 10.5 14.353737337763436 4 1 1 0,0 3,3 29.305519981680693,83.31269067657384,29.305519981680693
fixedu Hubbard 0.9906232654145178 10.5 18.54621098955228 4 1 1 0,0 3,3 41.087504267372886,119.36532989004115,41.087504267372886
fixedu Hubbard 0.9906232658616787 10.5 18.546211347799893 4 1 1 0,0 3,3 41.08750425998036,119.36532994937694,41.08750425998036
fixedu Hubbard 0.9906232660745521 10.5 18.546211514050757 4 1 1 0,0 3,3 41.08750325319144,119.36533027636347,41.08750325319144
fixedu Hubbard 0.9906232660807346 10.5 18.54621147059039 4 1 1 0,0 3,3 41.087503238724736,119.36533027545619,41.087503238724736
fixedu Hubbard 0.9906232660824756 10.5 18.54621152015696 4 1 1 0,0 3,3 41.08750308583183,119.36533025709284,41.08750308583183
fixedu Hubbard 0.9906232660839887 10.5 18.546211502962937 4 1 1 0,0 3,3 41.08750307861322,119.36533025760767,41.08750307861322
fixedu Hubbard 0.990623266305039 10.5 18.5462132412786 4 1 1 0,0 3,3 41.08749918068988,119.36531895723577,41.08749918068988
fixedu Hubbard 0.9906232663648623 10.5 18.546213817111635 4 1 1 0,0 3,3 41.0874978897758,119.36531527509115,41.0874978897758
fixedu Hubbard 0.9906232663657644 10.5 18.546213830891528 4 1 1 0,0 3,3 41.08749790290679,119.36531527701335,41.08749790290679

fixedu Hubbard 0.9675712842462515 3.0 3.108775048148636 4 1 1 0,0 3,3 4.900103969319314,6.893654549186884,4.900103969319314
fixedu Hubbard 0.9675712850261892 3.0 3.1087608057721385 4 1 1 0,0 3,3 4.900122627267813,6.8937022699187995,4.900122627267813
fixedu Hubbard 0.9675712850304358 3.0 3.10876338647817 4 1 1 0,0 3,3 4.900118353881609,6.893696707740381,4.900118353881609
fixedu Hubbard 0.967571285030474 3.0 3.1087632288395874 4 1 1 0,0 3,3 4.900118626690656,6.893697012230509,4.900118626690656
fixedu Hubbard 0.9675712850304757 3.0 3.1087631249163277 4 1 1 0,0 3,3 4.9001187964391155,6.8936972464212785,4.9001187964391155

fixedu Hubbard 0.9675712842462515 3.0 3.108775048148636 4 1 1 0,0 3,3 4.900103969319314,6.893654549186884,4.900103969319314
fixedu Hubbard 0.967571285028922 3.0 3.108762716489125 4 1 1 0,0 3,3 4.900119795360443,6.893697791262196,4.900119795360443
fixedu Hubbard 0.9675712850296979 3.0 3.1087622561021298 4 1 1 0,0 3,3 4.900120308429161,6.893699113132655,4.900120308429161
fixedu Hubbard 0.9675712850300928 3.0 3.108762534154973 4 1 1 0,0 3,3 4.900119819657328,6.8936984729202315,4.900119819657328
fixedu Hubbard 0.9675712850302239 3.0 3.108763608982085 4 1 1 0,0 3,3 4.900118039769673,6.893695952264292,4.900118039769673
fixedu Hubbard 0.9675712850303999 3.0 3.10876288780651 4 1 1 0,0 3,3 4.9001192051957485,6.893697748353232,4.9001192051957485
fixedu Hubbard 0.9675712850304268 3.0 3.108763035036246 4 1 1 0,0 3,3 4.900118981955111,6.893697371119478,4.900118981955111
fixedu Hubbard 0.9675712850304272 3.0 3.1087633789711444 4 1 1 0,0 3,3 4.900118404373856,6.89369660421308,4.900118404373856
fixedu Hubbard 0.9675712850304699 3.0 3.1087631924353922 4 1 1 0,0 3,3 4.9001186685550415,6.89369711492176,4.9001186685550415
fixedu Hubbard 0.9675712850304712 3.0 3.1087632126265268 4 1 1 0,0 3,3 4.900118671349123,6.893697053209455,4.900118671349123

fixedu Hubbard 0.9675712842462515 3.0 3.108775048148636 4 1 1 0,0 3,3 4.900103969319314,6.893654549186884,4.900103969319314
fixedu Hubbard 0.9675712848204292 3.0 3.108778477494835 4 1 1 0,0 3,3 4.900096212622262,6.893662567746856,4.900096212622262
fixedu Hubbard 0.9675712848662507 3.0 3.1087776278758392 4 1 1 0,0 3,3 4.900095827163429,6.893662560953248,4.900095827163429
fixedu Hubbard 0.9675712850293758 3.0 3.1087619698250832 4 1 1 0,0 3,3 4.900120677526108,6.893699720685346,4.900120677526108
fixedu Hubbard 0.9675712850297713 3.0 3.1087640591966372 4 1 1 0,0 3,3 4.900117245795281,6.893694979091198,4.900117245795281
fixedu Hubbard 0.9675712850301612 3.0 3.1087637295383375 4 1 1 0,0 3,3 4.900117890202569,6.893695735769788,4.900117890202569
fixedu Hubbard 0.9675712850303401 3.0 3.1087627704509377 4 1 1 0,0 3,3 4.900119343904486,6.893698127233718,4.900119343904486
fixedu Hubbard 0.9675712850303829 3.0 3.108763345122416 4 1 1 0,0 3,3 4.900118505792264,6.893696634186511,4.900118505792264
fixedu Hubbard 0.9675712850304707 3.0 3.1087631783035485 4 1 1 0,0 3,3 4.900118732133506,6.893697137335457,4.900118732133506
fixedu Hubbard 0.9675712850304712 3.0 3.1087631347770803 4 1 1 0,0 3,3 4.900118780375658,6.893697220682923,4.900118780375658
fixedu Hubbard 0.9675712850304724 3.0 3.1087631591213976 4 1 1 0,0 3,3 4.900118747826601,6.893697162350665,4.900118747826601

fixedu Hubbard 0.9675712842462515 3.0 3.108775048148636 4 1 1 0,0 3,3 4.900103969319314,6.893654549186884,4.900103969319314
fixedu Hubbard 0.9682651360533474 3.0 49.25053645478871 4 1 1 0,0 3,3 2.9797645712771685,28.358687403304266,2.9797645712771685
fixedu Hubbard 0.9682651360739026 3.0 49.25052380422501 4 1 1 0,0 3,3 2.9797667719474905,28.358695431046897,2.9797667719474905
fixedu Hubbard 0.9682651361015988 3.0 49.25051926369356 4 1 1 0,0 3,3 2.9797661717690516,28.35869810092788,2.9797661717690516
fixedu Hubbard 0.9682651361020244 3.0 49.25051878022114 4 1 1 0,0 3,3 2.9797660483730266,28.358698396795248,2.9797660483730266
fixedu Hubbard 0.9682651361028365 3.0 49.25051904509502 4 1 1 0,0 3,3 2.9797660998193294,28.35869818840046,2.9797660998193294
fixedu Hubbard 0.9832786127360998 3.0 74.57025625738382 4 1 1 0,0 3,3 4.2611096878536046,50.09052214011905,4.2611096878536046
fixedu Hubbard 0.9977205669099088 3.0 74.3672187132498 4 1 1 0,0 3,3 4.285262582690284,50.222871305811005,4.285262582690284
fixedu Hubbard 0.9977205671035172 3.0 74.36721764210556 4 1 1 0,0 3,3 4.285262536493872,50.22287013063467,4.285262536493872
fixedu Hubbard 0.997720567128791 3.0 74.36721852511128 4 1 1 0,0 3,3 4.2852643872315825,50.22286987672333,4.2852643872315825
fixedu Hubbard 0.9977205671529877 3.0 74.36721843687496 4 1 1 0,0 3,3 4.285263590298005,50.22286917204717,4.285263590298005
fixedu Hubbard 0.9977205671604388 3.0 74.36721866021925 4 1 1 0,0 3,3 4.285263978248541,50.2228696141044,4.285263978248541
fixedu Hubbard 0.997720567163683 3.0 74.3672186107729 4 1 1 0,0 3,3 4.285263974882665,50.222869412392264,4.285263974882665
fixedu Hubbard 0.9977205671702655 3.0 74.36721866675211 4 1 1 0,0 3,3 4.285263566618341,50.22286940351695,4.285263566618341
fixedu Hubbard 0.9977205671720472 3.0 74.36721878428054 4 1 1 0,0 3,3 4.285263660949395,50.22286939181318,4.285263660949395
fixedu Hubbard 0.9977205671724402 3.0 74.36721877450404 4 1 1 0,0 3,3 4.285263656569529,50.22286938597536,4.285263656569529
fixedu Hubbard 0.9977205671725136 3.0 74.367218774504 4 1 1 0,0 3,3 4.285263656569514,50.222869385975336,4.285263656569514
fixedu Hubbard 0.9977205673033439 3.0 74.36723524211821 4 1 1 0,0 3,3 4.285262908080492,50.22285755005142,4.285262908080492
fixedu Hubbard 0.9977205673270638 3.0 74.36723603511906 4 1 1 0,0 3,3 4.285262570443169,50.222858452418876,4.285262570443169
fixedu Hubbard 0.9977205673590059 3.0 74.36723763212174 4 1 1 0,0 3,3 4.285261884116437,50.22285720318174,4.285261884116437
fixedu Hubbard 0.9977205673596581 3.0 74.36723740131892 4 1 1 0,0 3,3 4.285261627978391,50.22285705319453,4.285261627978391
fixedu Hubbard 0.9977205673663002 3.0 74.36725388550818 4 1 1 0,0 3,3 4.285260376556534,50.222846334590244,4.285260376556534
fixedu Hubbard 0.997720567377544 3.0 74.36725344549717 4 1 1 0,0 3,3 4.285260714856239,50.22284592664064,4.285260714856239
fixedu Hubbard 0.9977205673838965 3.0 74.36725354459227 4 1 1 0,0 3,3 4.285260745106583,50.22284601416001,4.285260745106583
fixedu Hubbard 0.9978316757855823 3.0 74.36703217222697 4 1 1 0,0 3,3 4.289512075390377,50.30732615472749,4.289512075390377
fixedu Hubbard 0.9978470512807281 3.0 74.36497291506977 4 1 1 0,0 3,3 4.289078806846527,50.30886957140354,4.289078806846527
fixedu Hubbard 0.9978470524504691 3.0 74.36497144340738 4 1 1 0,0 3,3 4.289073790442704,50.30886884475888,4.289073790442704
fixedu Hubbard 0.9978470526341848 3.0 74.3649722245888 4 1 1 0,0 3,3 4.289074050172856,50.30887035281662,4.289074050172856
fixedu Hubbard 0.9978470526667044 3.0 74.36497240924331 4 1 1 0,0 3,3 4.289072521544829,50.308869553247405,4.289072521544829

fixedu Hubbard 0.9675712842462515 3.0 3.108775048148636 4 1 1 0,0 3,3 4.900103969319314,6.893654549186884,4.900103969319314
fixedu Hubbard 0.9756860661261053 3.0 0.19420327771217671 4 1 1 0,0 3,3 13.816595612959645,16.207593055684065,13.816595612959645
fixedu Hubbard 0.9846120960245097 3.0 0.15936386307543612 4 1 1 0,0 3,3 17.004155038502045,19.59936581683711,17.004155038502045
fixedu Hubbard 0.9846753097268218 3.0 0.15936386307543612 4 1 1 0,0 3,3 17.004155038502045,19.641417916835337,17.004155038502045
fixedu Hubbard 0.9853487744974715 3.0 0.1563540340752221 4 1 1 0,0 3,3 17.393056555960804,20.0,17.393056555960804
fixedu Hubbard 0.9879352396145851 3.0 16.764259035570326 4 1 1 0,0 3,3 17.013124057455414,1.9215870663388965,17.013124057455414
fixedu Hubbard 0.9879352396146195 3.0 16.764259035570326 4 1 1 0,0 3,3 17.013124057455414,1.9215870663388965,17.013124057455414
fixedu Hubbard 0.9881855188677747 3.0 16.764259035570326 4 1 1 0,0 3,3 17.20131478538657,1.9215870663388965,17.20131478538657
fixedu Hubbard 0.9882539714830274 3.0 16.764082521610018 4 1 1 0,0 3,3 17.201143389543677,1.9215834031308952,17.201143389543677
fixedu Hubbard 0.9882539745389756 3.0 16.764082100335802 4 1 1 0,0 3,3 17.201143914923847,1.921577656003511,17.201143914923847
fixedu Hubbard 0.9882539745390547 3.0 16.76408207312983 4 1 1 0,0 3,3 17.201143914943337,1.9215776596576082,17.201143914943337
fixedu Hubbard 0.9882539745396343 3.0 16.764082077379854 4 1 1 0,0 3,3 17.201143941562318,1.9215776561223958,17.201143941562318
fixedu Hubbard 0.9882539745406339 3.0 16.76408199858969 4 1 1 0,0 3,3 17.201143976571693,1.9215776820934063,17.201143976571693
fixedu Hubbard 0.9882539745417833 3.0 16.76408201143728 4 1 1 0,0 3,3 17.20114400624036,1.921577680630704,17.20114400624036
fixedu Hubbard 0.9882539745425578 3.0 16.764081942769096 4 1 1 0,0 3,3 17.201144036265728,1.9215776766273214,17.201144036265728
fixedu Hubbard 0.9882539745435567 3.0 16.764081950711503 4 1 1 0,0 3,3 17.201144061039226,1.9215776761668004,17.201144061039226
fixedu Hubbard 0.9882539745464256 3.0 16.764081724956394 4 1 1 0,0 3,3 17.20114422200433,1.9215777154758493,17.20114422200433
fixedu Hubbard 0.9882539745497015 3.0 16.764081755584932 4 1 1 0,0 3,3 17.201144262109295,1.9215777187369887,17.201144262109295
fixedu Hubbard 0.9882539745526118 3.0 16.764081638975053 4 1 1 0,0 3,3 17.20114443709565,1.9215777108676098,17.20114443709565
fixedu Hubbard 0.988253974554453 3.0 16.764081601803184 4 1 1 0,0 3,3 17.2011444199455,1.9215777172281177,17.2011444199455
fixedu Hubbard 0.9882539745555652 3.0 16.76408143368607 4 1 1 0,0 3,3 17.201144530145346,1.9215776823114827,17.201144530145346
fixedu Hubbard 0.9882539745583498 3.0 16.764081461371855 4 1 1 0,0 3,3 17.20114456813817,1.9215776918292893,17.20114456813817
fixedu Hubbard 0.9882539745677675 3.0 16.76408104740508 4 1 1 0,0 3,3 17.20114500021599,1.921578025220418,17.20114500021599
fixedu Hubbard 0.9882539745691021 3.0 16.76408100483433 4 1 1 0,0 3,3 17.201144994621135,1.9215779791598018,17.201144994621135
fixedu Hubbard 0.9882539745707164 3.0 16.764081020880447 4 1 1 0,0 3,3 17.20114502628785,1.9215779606841188,17.20114502628785
fixedu Hubbard 0.9882539745718026 3.0 16.76408097735216 4 1 1 0,0 3,3 17.20114503209162,1.9215779240478086,17.20114503209162
fixedu Hubbard 0.9882539745729079 3.0 16.76408098461196 4 1 1 0,0 3,3 17.20114505966498,1.9215779075766497,17.20114505966498
fixedu Hubbard 0.9882539745731402 3.0 16.764080948471562 4 1 1 0,0 3,3 17.201145061981148,1.9215778848809706,17.201145061981148
fixedu Hubbard 0.9882539745740239 3.0 16.764080959545012 4 1 1 0,0 3,3 17.201145088076625,1.921577883034428,17.201145088076625
fixedu Hubbard 0.9882539745741215 3.0 16.76408094952048 4 1 1 0,0 3,3 17.2011450861791,1.9215778774185548,17.2011450861791
fixedu Hubbard 0.9882539745751269 3.0 16.764080922308505 4 1 1 0,0 3,3 17.201145148144192,1.9215778761417466,17.201145148144192
fixedu Hubbard 0.9882539745757893 3.0 16.764080895527357 4 1 1 0,0 3,3 17.201145138820387,1.921577873262247,17.201145138820387
fixedu Hubbard 0.9882539745784541 3.0 16.764080784946287 4 1 1 0,0 3,3 17.201145308498223,1.9215777836154488,17.201145308498223
fixedu Hubbard 0.9882539745795584 3.0 16.764080755322272 4 1 1 0,0 3,3 17.201145285831625,1.9215777856796836,17.201145285831625
fixedu Hubbard 0.9882539745814325 3.0 16.764080709205892 4 1 1 0,0 3,3 17.201145374994137,1.9215778806067516,17.201145374994137
fixedu Hubbard 0.9882539745822905 3.0 16.764080679828176 4 1 1 0,0 3,3 17.201145360784917,1.9215778806612558,17.201145360784917
fixedu Hubbard 0.9882539745855883 3.0 16.764080518828614 4 1 1 0,0 3,3 17.20114559169029,1.9215778009542133,17.20114559169029
fixedu Hubbard 0.988253974587453 3.0 16.764080479028717 4 1 1 0,0 3,3 17.2011455675677,1.9215778073422425,17.2011455675677
fixedu Hubbard 0.9882539745890009 3.0 16.764080451449136 4 1 1 0,0 3,3 17.201145633611254,1.9215778584685452,17.201145633611254
fixedu Hubbard 0.9882539745894856 3.0 16.76408042425835 4 1 1 0,0 3,3 17.201145620521217,1.9215778592497956,17.201145620521217
fixedu Hubbard 0.9882539745902511 3.0 16.764080416244774 4 1 1 0,0 3,3 17.201145664994655,1.9215778840501019,17.201145664994655
fixedu Hubbard 0.988253974590627 3.0 16.76408039128931 4 1 1 0,0 3,3 17.201145654416568,1.921577884666356,17.201145654416568
fixedu Hubbard 0.9882539745911287 3.0 16.764080389195765 4 1 1 0,0 3,3 17.20114567911181,1.9215778962164394,17.20114567911181
fixedu Hubbard 0.988253974591257 3.0 16.764080368776533 4 1 1 0,0 3,3 17.201145674748023,1.921577897142715,17.201145674748023
fixedu Hubbard 0.9882539745921627 3.0 16.764080351623555 4 1 1 0,0 3,3 17.201145726925944,1.9215779017390973,17.201145726925944
fixedu Hubbard 0.9882539745926805 3.0 16.764080321764425 4 1 1 0,0 3,3 17.201145723707594,1.921577906477223,17.201145723707594
fixedu Hubbard 0.9882539745939125 3.0 16.764080268965778 4 1 1 0,0 3,3 17.201145836686795,1.921577884466532,17.201145836686795
fixedu Hubbard 0.9882539745952172 3.0 16.764080233281213 4 1 1 0,0 3,3 17.201145820483923,1.9215778889264,17.201145820483923
fixedu Hubbard 0.9882539745972738 3.0 16.764080169730402 4 1 1 0,0 3,3 17.201145928293336,1.9215779405177917,17.201145928293336
fixedu Hubbard 0.9882539745981663 3.0 16.76408013692764 4 1 1 0,0 3,3 17.201145914959717,1.9215779401807378,17.201145914959717
fixedu Hubbard 0.9882539745985693 3.0 16.764079938078783 4 1 1 0,0 3,3 17.20114606538303,1.921577822742933,17.20114606538303
fixedu Hubbard 0.9882539746016515 3.0 16.764079967807653 4 1 1 0,0 3,3 17.201146108032773,1.9215778372382015,17.201146108032773
fixedu Hubbard 0.9882539746054444 3.0 16.764079816568458 4 1 1 0,0 3,3 17.20114626380072,1.9215781387687394,17.20114626380072
fixedu Hubbard 0.9882539746065152 3.0 16.764079765880762 4 1 1 0,0 3,3 17.20114626862497,1.9215780973825958,17.20114626862497
fixedu Hubbard 0.9882539746078361 3.0 16.764079778164657 4 1 1 0,0 3,3 17.201146296473933,1.9215780833692484,17.201146296473933
fixedu Hubbard 0.9882539746084431 3.0 16.76407971502875 4 1 1 0,0 3,3 17.2011463152788,1.9215780375802665,17.2011463152788
fixedu Hubbard 0.9882539746097719 3.0 16.764079729723022 4 1 1 0,0 3,3 17.201146342997788,1.9215780332515924,17.201146342997788
fixedu Hubbard 0.9882539746101601 3.0 16.76407967522245 4 1 1 0,0 3,3 17.201146364594052,1.9215780082659133,17.201146364594052
fixedu Hubbard 0.9882539746110977 3.0 16.76407968866616 4 1 1 0,0 3,3 17.20114638850415,1.92157801114094,17.20114638850415
fixedu Hubbard 0.9882539746111928 3.0 16.76407966029436 4 1 1 0,0 3,3 17.20114639307936,1.9215780080907994,17.20114639307936
fixedu Hubbard 0.9882539746116882 3.0 16.764079667069694 4 1 1 0,0 3,3 17.20114641480628,1.9215780093070485,17.20114641480628
fixedu Hubbard 0.9882539746127219 3.0 16.764079528546688 4 1 1 0,0 3,3 17.201146492192752,1.9215780354909038,17.201146492192752
fixedu Hubbard 0.9882539746148886 3.0 16.764079552369992 4 1 1 0,0 3,3 17.20114652778364,1.9215780336385515,17.20114652778364
fixedu Hubbard 0.9882539746150184 3.0 16.764079521919292 4 1 1 0,0 3,3 17.20114653473708,1.9215780268026794,17.20114653473708
fixedu Hubbard 0.9882539746155676 3.0 16.764079532021945 4 1 1 0,0 3,3 17.201146557728304,1.9215780319190703,17.201146557728304
fixedu Hubbard 0.9882539746156945 3.0 16.764079509033753 4 1 1 0,0 3,3 17.201146555901595,1.9215780289162583,17.201146555901595
fixedu Hubbard 0.9882539746161155 3.0 16.764079511057883 4 1 1 0,0 3,3 17.20114658429439,1.9215780351993097,17.20114658429439
fixedu Hubbard 0.9882539746165049 3.0 16.764079485569948 4 1 1 0,0 3,3 17.20114658405093,1.9215780351993097,17.20114658405093
fixedu Hubbard 0.9882539746167561 3.0 16.76407948894832 4 1 1 0,0 3,3 17.201146598369117,1.9215780342766744,17.201146598369117
fixedu Hubbard 0.9882539746172183 3.0 16.764079414103232 4 1 1 0,0 3,3 17.20114662970108,1.9215780176060602,17.20114662970108
fixedu Hubbard 0.9882539746183191 3.0 16.76407942824736 4 1 1 0,0 3,3 17.20114665468264,1.9215780171793895,17.20114665468264
fixedu Hubbard 0.9882539746197739 3.0 16.764079303620047 4 1 1 0,0 3,3 17.201146734122876,1.9215780631405535,17.201146734122876
fixedu Hubbard 0.9882539746213553 3.0 16.76407932191011 4 1 1 0,0 3,3 17.201146764806374,1.9215780629141652,17.201146764806374
fixedu Hubbard 0.9882539746213971 3.0 16.764079295831124 4 1 1 0,0 3,3 17.201146767882484,1.9215780598504093,17.201146767882484
fixedu Hubbard 0.9882539746218718 3.0 16.764079304093176 4 1 1 0,0 3,3 17.201146784217425,1.9215780578141053,17.201146784217425
fixedu Hubbard 0.9884071064109674 3.0 16.76436589747415 4 1 1 0,0 3,3 18.329338441767035,1.9215780578141053,18.329338441767035
fixedu Hubbard 0.9899214843239392 3.0 16.763531174821683 4 1 1 0,0 3,3 18.328596585367805,1.9214732055326145,18.328596585367805
fixedu Hubbard 0.9899214850412192 3.0 16.76353016662852 4 1 1 0,0 3,3 18.328598818725396,1.9214736919340263,18.328598818725396
fixedu Hubbard 0.9899214857497535 3.0 16.76352943320762 4 1 1 0,0 3,3 18.328598485791876,1.9214737134167106,18.328598485791876
fixedu Hubbard 0.989921486469108 3.0 16.763528391742508 4 1 1 0,0 3,3 18.32860076260979,1.9214739810986023,18.32860076260979
fixedu Hubbard 0.989921487177992 3.0 16.763527657745687 4 1 1 0,0 3,3 18.32860042516953,1.9214739966929302,18.32860042516953
fixedu Hubbard 0.9899214878461996 3.0 16.763526722170003 4 1 1 0,0 3,3 18.328602534692568,1.9214742074213653,18.328602534692568
fixedu Hubbard 0.9899214884947009 3.0 16.763526012590933 4 1 1 0,0 3,3 18.328602221081507,1.9214742244496763,18.328602221081507
fixedu Hubbard 0.9899214891628444 3.0 16.76352508217982 4 1 1 0,0 3,3 18.328604319957243,1.9214744187148627,18.328604319957243
fixedu Hubbard 0.9900506678684211 3.0 16.76352508217982 4 1 1 0,0 3,3 18.70495916819867,1.9214744187148627,18.70495916819867
fixedu Hubbard 0.9903977011040207 3.0 16.76313015571951 4 1 1 0,0 3,3 18.70460749130422,1.9214720518256123,18.70460749130422
fixedu Hubbard 0.9903977028426214 3.0 16.76312806822156 4 1 1 0,0 3,3 18.70460879886303,1.9214758900162443,18.70460879886303
fixedu Hubbard 0.9903977033841614 3.0 16.76312842381796 4 1 1 0,0 3,3 18.704609390653637,1.921475884555927,18.704609390653637
fixedu Hubbard 0.9903978625473746 3.0 16.762656489007657 4 1 1 0,0 3,3 18.705136264244558,1.9215390890093933,18.705136264244558
fixedu Hubbard 0.9903978625476237 3.0 16.762656499028484 4 1 1 0,0 3,3 18.70513627063199,1.921539091980854,18.70513627063199
fixedu Hubbard 0.9903978625498218 3.0 16.762658722165625 4 1 1 0,0 3,3 18.705133700289206,1.921538538083173,18.705133700289206
fixedu Hubbard 0.9903978625553894 3.0 16.76265877319997 4 1 1 0,0 3,3 18.705133738256663,1.9215385614737064,18.705133738256663
fixedu Hubbard 0.9903978625568254 3.0 16.762658753026763 4 1 1 0,0 3,3 18.705133705899023,1.9215386256316378,18.705133705899023
fixedu Hubbard 0.9903978625587755 3.0 16.76265878373905 4 1 1 0,0 3,3 18.705133724552425,1.9215386453860706,18.705133724552425
fixedu Hubbard 0.9903978625589951 3.0 16.762658771906853 4 1 1 0,0 3,3 18.70513370834338,1.9215386637018874,18.70513370834338
fixedu Hubbard 0.9903978625599146 3.0 16.762658794632845 4 1 1 0,0 3,3 18.70513371867096,1.9215386885075592,18.70513371867096
fixedu Hubbard 0.9903978625600763 3.0 16.762658783388815 4 1 1 0,0 3,3 18.705133703537335,1.9215386992236712,18.705133703537335
fixedu Hubbard 0.9903978625606294 3.0 16.762658808850126 4 1 1 0,0 3,3 18.70513371054782,1.9215387369119372,18.70513371054782
fixedu Hubbard 0.9903978625610639 3.0 16.76265879575335 4 1 1 0,0 3,3 18.705133697365092,1.9215387453351322,18.705133697365092
fixedu Hubbard 0.99039786256155 3.0 16.76265880656006 4 1 1 0,0 3,3 18.705133691933145,1.9215388158932551,18.705133691933145
fixedu Hubbard 0.9903978625615657 3.0 16.762658806559017 4 1 1 0,0 3,3 18.705133691931476,1.9215388158925806,18.705133691931476
fixedu Hubbard 0.9903978625640232 3.0 16.7626608748399 4 1 1 0,0 3,3 18.705131305239515,1.9215385009170871,18.705131305239515
fixedu Hubbard 0.9903978625672812 3.0 16.762660912060067 4 1 1 0,0 3,3 18.705131335781786,1.9215385036699786,18.705131335781786

fixedu Hubbard 0.9806947706850265 3.0 21.912144719248893 4 1 1 0,0 3,3 3.1315876650319017,19.938258197048604,3.1315876650319017
fixedu Hubbard 0.9806947706981793 3.0 21.91214509443471 4 1 1 0,0 3,3 3.131588171138242,19.93825875552309,3.131588171138242
fixedu Hubbard 0.9806947706999704 3.0 21.912145083753302 4 1 1 0,0 3,3 3.1315882993151436,19.93825843005432,3.1315882993151436
fixedu Hubbard 0.9806947707001861 3.0 21.912145015365653 4 1 1 0,0 3,3 3.1315882125470793,19.938258397839622,3.1315882125470793
fixedu Hubbard 0.980694770705136 3.0 21.912141433240535 4 1 1 0,0 3,3 3.1315893360214,19.93826171028347,3.1315893360214
fixedu Hubbard 0.9806947707110846 3.0 21.91214127266075 4 1 1 0,0 3,3 3.131588992565313,19.938261724697362,3.131588992565313
fixedu Hubbard 0.9806947707113587 3.0 21.912139887677792 4 1 1 0,0 3,3 3.1315890395670936,19.938262805325344,3.1315890395670936
fixedu Hubbard 0.9806947707119854 3.0 21.9121399518264 4 1 1 0,0 3,3 3.131589091466578,19.938262823168003,3.131589091466578
fixedu Hubbard 0.9828141611305585 3.0 24.135909759580386 4 1 1 0,0 3,3 3.0204583304199346,19.93465706581295,3.0204583304199346
fixedu Hubbard 0.9996872297061125 3.0 24.072727117611667 4 1 1 0,0 3,3 3.039910081120684,19.959221752931008,3.039910081120684
fixedu Hubbard 0.9996872297061848 3.0 24.07272702637989 4 1 1 0,0 3,3 3.039910073316195,19.95922154032598,3.039910073316195
fixedu Hubbard 0.9996872297064712 3.0 24.072727173727703 4 1 1 0,0 3,3 3.0399100036303293,19.95922152297448,3.0399100036303293
fixedu Hubbard 0.9996872297065251 3.0 24.072728237586762 4 1 1 0,0 3,3 3.039909907773956,19.959220893971274,3.039909907773956
fixedu Hubbard 0.9996872297072689 3.0 24.072728139913668 4 1 1 0,0 3,3 3.0399099148943582,19.959220852105457,3.0399099148943582

fixedu Hubbard 0.6069825835784707 10.5 21.917476869791237 6 1 1 0,0 5,5 15.499822518102466,7.801094813206135,21.917476869791237,7.801094813206135,15.499822518102466
fixedu Hubbard 0.65659254839877 10.5 7.813185200095177 6 1 1 0,0 5,5 19.84872380842262,7.2790375365329965,7.813185200095177,7.2790375365329965,19.84872380842262
fixedu Hubbard 0.6894087609895535 10.5 7.821379348327678 6 1 1 0,0 5,5 19.82938520687696,7.21995397902141,7.821379348327678,7.21995397902141,19.82938520687696

fixedu Hubbard 0.3032362991528763 3 1.6886413991451263 4 1 1 0,0 3,3 16.9945966899395,7.463185757398605,16.9945966899395
fixedu Hubbard 0.6253793050475479 3 11.503965348005295 4 1 1 0,0 3,3 15.880812749266624,10.12089604139328,15.880812749266624
fixedu Hubbard 0.9357219122790876 3 11.506917454337245 4 1 1 0,0 3,3 15.855602594091296,10.048094468508276,15.855602594091296
fixedu Hubbard 0.935721912279189 3 11.506917436067038 4 1 1 0,0 3,3 15.855602592015543,10.048094448359155,15.855602592015543
fixedu Hubbard 0.9567098409650139 3 24.088430400996007 4 1 1 0,0 3,3 12.574307709387723,5.694509045926959,12.574307709387723
fixedu Hubbard 0.9595485615480005 3 12.604071871952332 4 1 1 0,0 3,3 15.846768546607253,3.4206197727368903,15.846768546607253
fixedu Hubbard 0.959548561577023 3 12.60407200283517 4 1 1 0,0 3,3 15.846768685231929,3.4206196456104965,15.846768685231929
fixedu Hubbard 0.9595485615953525 3 12.604071864942524 4 1 1 0,0 3,3 15.84676862877125,3.4206194433182007,15.84676862877125
fixedu Hubbard 0.9595485616096514 3 12.604071957388527 4 1 1 0,0 3,3 15.846768724780057,3.4206193543311256,15.846768724780057
fixedu Hubbard 0.9595485616183687 3 12.60407186296115 4 1 1 0,0 3,3 15.846768685611792,3.4206192125000006,15.846768685611792
fixedu Hubbard 0.9595485616253238 3 12.604071924253061 4 1 1 0,0 3,3 15.846768752108735,3.4206191503795287,15.846768752108735
fixedu Hubbard 0.9595485616294486 3 12.604071855897848 4 1 1 0,0 3,3 15.846768728176546,3.420619043992379,15.846768728176546
fixedu Hubbard 0.9595485616327144 3 12.604071899170703 4 1 1 0,0 3,3 15.846768776816726,3.4206190080828773,15.846768776816726
fixedu Hubbard 0.9595485616342154 3 12.604071855729412 4 1 1 0,0 3,3 15.846768755644078,3.4206189451959568,15.846768755644078
fixedu Hubbard 0.9595485616358356 3 12.604071886158376 4 1 1 0,0 3,3 15.84676878827475,3.420618918350933,15.84676878827475
fixedu Hubbard 0.9595485616365537 3 12.604071857270673 4 1 1 0,0 3,3 15.846768777005101,3.420618879916014,15.846768777005101
fixedu Hubbard 0.9595485616373636 3 12.604071877146524 4 1 1 0,0 3,3 15.846768802877866,3.4206188521960956,15.846768802877866
fixedu Hubbard 0.9595485616376946 3 12.604071855065689 4 1 1 0,0 3,3 15.846768792454922,3.4206188298188724,15.846768792454922
fixedu Hubbard 0.9595485616381588 3 12.604071866743908 4 1 1 0,0 3,3 15.846768809361071,3.420618803340718,15.846768809361071
fixedu Hubbard 0.9730961236141868 3 12.604071866743908 4 1 1 0,0 3,3 19.852749160627596,3.420618803340718,19.852749160627596
fixedu Hubbard 0.9768316712320625 3 12.59824653259078 4 1 1 0,0 3,3 19.86532859969037,3.4206187038158,19.86532859969037
fixedu Hubbard 0.9768316712394286 3 12.598246463500905 4 1 1 0,0 3,3 19.86532855223022,3.420618735010821,19.86532855223022
fixedu Hubbard 0.9768316712455796 3 12.598246513192963 4 1 1 0,0 3,3 19.865328556465837,3.4206189230808706,19.865328556465837
fixedu Hubbard 0.9768316712474511 3 12.598246478023693 4 1 1 0,0 3,3 19.86532853187239,3.420618938018639,19.86532853187239
fixedu Hubbard 0.976831671248073 3 12.598246470892212 4 1 1 0,0 3,3 19.865328499888776,3.420619004074895,19.865328499888776
fixedu Hubbard 0.9768316712490158 3 12.598246494031901 4 1 1 0,0 3,3 19.86532851185082,3.420619010448115,19.86532851185082
fixedu Hubbard 0.9774727788857457 3 12.598246494031901 4 1 1 0,0 3,3 20.364750294175195,3.420619010448115,20.364750294175195
fixedu Hubbard 0.9780628345954292 3 12.599011331468654 4 1 1 0,0 3,3 20.36489786275937,3.420253314204105,20.36489786275937
fixedu Hubbard 0.9780628354756951 3 12.599011387915239 4 1 1 0,0 3,3 20.364899442436375,3.420253700144787,20.364899442436375
fixedu Hubbard 0.9780628363328181 3 12.599010348526562 4 1 1 0,0 3,3 20.36489944699713,3.4202538265057325,20.36489944699713
fixedu Hubbard 0.9780628371967903 3 12.599010405803403 4 1 1 0,0 3,3 20.364901029061024,3.4202541711024907,20.364901029061024
fixedu Hubbard 0.9780628380580118 3 12.599009364584685 4 1 1 0,0 3,3 20.364901037690586,3.42025428426363,20.364901037690586
fixedu Hubbard 0.9780628389396405 3 12.599009403618695 4 1 1 0,0 3,3 20.36490265466628,3.420254602786003,20.36490265466628
fixedu Hubbard 0.9780628398055496 3 12.59900835692 4 1 1 0,0 3,3 20.364902663084205,3.420254698965882,20.364902663084205
fixedu Hubbard 0.9780628406816131 3 12.599008394676277 4 1 1 0,0 3,3 20.364904274018688,3.4202549792059567,20.364904274018688
fixedu Hubbard 0.9780628415373064 3 12.599007355644353 4 1 1 0,0 3,3 20.36490428354955,3.4202550714263245,20.36490428354955
fixedu Hubbard 0.9780628423879902 3 12.59900740489978 4 1 1 0,0 3,3 20.36490587255202,3.420255345437915,20.36490587255202
fixedu Hubbard 0.9780628432446484 3 12.599006365899445 4 1 1 0,0 3,3 20.364905884054075,3.4202554333024073,20.364905884054075
fixedu Hubbard 0.9780628441260882 3 12.599006393643768 4 1 1 0,0 3,3 20.364907522485247,3.420255693074329,20.364907522485247
fixedu Hubbard 0.9780628449895205 3 12.599005353303953 4 1 1 0,0 3,3 20.364907526260502,3.4202557747836466,20.364907526260502
fixedu Hubbard 0.9780628458539725 3 12.599005385822219 4 1 1 0,0 3,3 20.364909148313608,3.4202560212297244,20.364909148313608
fixedu Hubbard 0.9780628467097385 3 12.599004348768563 4 1 1 0,0 3,3 20.364909149425838,3.420256095044452,20.364909149425838
fixedu Hubbard 0.9780628475949347 3 12.599004369302081 4 1 1 0,0 3,3 20.364910808880076,3.4202563490915754,20.364910808880076
fixedu Hubbard 0.9780628484692734 3 12.599003323106627 4 1 1 0,0 3,3 20.364910810615978,3.4202564257963064,20.364910810615978
fixedu Hubbard 0.9780628493566249 3 12.59900333846207 4 1 1 0,0 3,3 20.36491247035611,3.420256663956937,20.36491247035611
fixedu Hubbard 0.9780628502253553 3 12.599002295675968 4 1 1 0,0 3,3 20.364912472736282,3.4202567385864726,20.364912472736282
fixedu Hubbard 0.9780628511146356 3 12.599002309111889 4 1 1 0,0 3,3 20.364914141631374,3.420256980665349,20.364914141631374
fixedu Hubbard 0.9780628519887211 3 12.599001263716197 4 1 1 0,0 3,3 20.364914142861082,3.4202570545444706,20.364914142861082
fixedu Hubbard 0.9780628528706752 3 12.599001279071082 4 1 1 0,0 3,3 20.364915802930426,3.420257283232772,20.364915802930426
fixedu Hubbard 0.9780628537396564 3 12.599000236084796 4 1 1 0,0 3,3 20.364915805120862,3.420257351378151,20.364915805120862
fixedu Hubbard 0.9780628546216859 3 12.59900025151429 4 1 1 0,0 3,3 20.36491745426143,3.420257591665394,20.36491745426143
fixedu Hubbard 0.9780628554796121 3 12.598999217508196 4 1 1 0,0 3,3 20.364917456216986,3.420257660807825,20.364917456216986
fixedu Hubbard 0.9780628563695165 3 12.598999224624517 4 1 1 0,0 3,3 20.36491913761956,3.420257894020904,20.36491913761956
fixedu Hubbard 0.9780628572434079 3 12.598998183196747 4 1 1 0,0 3,3 20.364919132614475,3.420257966244962,20.364919132614475
fixedu Hubbard 0.9780628581211398 3 12.598998195161256 4 1 1 0,0 3,3 20.364920783000276,3.420258204585883,20.364920783000276
fixedu Hubbard 0.9780628589789282 3 12.598997158625751 4 1 1 0,0 3,3 20.36492078304162,3.4202582708818796,20.36492078304162
fixedu Hubbard 0.9780628598436919 3 12.598997181587245 4 1 1 0,0 3,3 20.364922419214587,3.4202585063336177,20.364922419214587
fixedu Hubbard 0.978062860706674 3 12.5989961456072 4 1 1 0,0 3,3 20.364922426014218,3.420258583245333,20.364922426014218
fixedu Hubbard 0.9780628615929783 3 12.598996151723847 4 1 1 0,0 3,3 20.36492410260871,3.4202588158769793,20.36492410260871
fixedu Hubbard 0.978062862463753 3 12.598995110322896 4 1 1 0,0 3,3 20.364924100758756,3.4202588841258876,20.364924100758756
fixedu Hubbard 0.9780628633418694 3 12.598995121094681 4 1 1 0,0 3,3 20.364925757369473,3.4202591232954345,20.364925757369473
fixedu Hubbard 0.9780628641988236 3 12.59899408580222 4 1 1 0,0 3,3 20.364925754814163,3.4202591891496494,20.364925754814163
fixedu Hubbard 0.9780628650867902 3 12.598994090965645 4 1 1 0,0 3,3 20.36492742999216,3.4202594161048276,20.36492742999216
fixedu Hubbard 0.978062865944945 3 12.598993058730278 4 1 1 0,0 3,3 20.364927422982003,3.42025948132799,20.364927422982003
fixedu Hubbard 0.9780639105800183 3 12.597756390938413 4 1 1 0,0 3,3 20.366928334267993,3.4206204300587806,20.366928334267993
fixedu Hubbard 0.9780639105873851 3 12.597759398934343 4 1 1 0,0 3,3 20.36692348618058,3.420619582311872,20.36692348618058
fixedu Hubbard 0.9780639105873924 3 12.597759394960228 4 1 1 0,0 3,3 20.366923483868014,3.4206195805337227,20.366923483868014
fixedu Hubbard 0.9780639105874075 3 12.597759385667292 4 1 1 0,0 3,3 20.366923482074167,3.420619567801454,20.366923482074167
fixedu Hubbard 0.9780639105875489 3 12.59775939164607 4 1 1 0,0 3,3 20.366923491602627,3.420619563827202,20.366923491602627
fixedu Hubbard 0.9780639105875532 3 12.59775939141022 4 1 1 0,0 3,3 20.3669234914415,3.4206195637239976,20.3669234914415
fixedu Hubbard 0.9780639105875674 3 12.597759391410213 4 1 1 0,0 3,3 20.366923491441497,3.4206195637239922,20.366923491441497
fixedu Hubbard 0.989279222240629 3 12.54810439309532 4 1 1 0,0 3,3 18.960414345942002,2.902197269459388,18.960414345942002

fixedu Hubbard 0.7379346215361235 3 9.816426334220852 4 1 1 0,0 3,3 19.963390959880474,2.092251720567849,19.963390959880474
fixedu Hubbard 0.7546777641242514 3 16.587111282205242 4 1 1 0,0 3,3 15.496789353984639,1.9891687571440109,15.496789353984639
fixedu Hubbard 0.9833442109779914 3 16.767033728027446 4 1 1 0,0 3,3 14.943690536333179,1.9216689903415212,14.943690536333179
fixedu Hubbard 0.9890509076059953 3 16.767033728027446 4 1 1 0,0 3,3 19.636788616604463,1.9216689903415212,19.636788616604463
fixedu Hubbard 0.9914479119238742 3 16.761945746056956 4 1 1 0,0 3,3 19.644799610848775,1.9215171089002583,19.644799610848775
fixedu Hubbard 0.9914964890531905 3 16.761525661242075 4 1 1 0,0 3,3 20.020054725898664,1.9219200389469204,20.020054725898664
fixedu Hubbard 0.9918192844760649 3 16.761688220560554 4 1 1 0,0 3,3 20.020608711050482,1.9215100084588077,20.020608711050482
fixedu Hubbard 0.9918192845623814 3 16.761688412739222 4 1 1 0,0 3,3 20.020608872661825,1.9215099815535412,20.020608872661825
fixedu Hubbard 0.9918192845732348 3 16.761688369264206 4 1 1 0,0 3,3 20.020608852068396,1.9215096871731052,20.020608852068396
fixedu Hubbard 0.9918192845766238 3 16.761688405286876 4 1 1 0,0 3,3 20.02060888079845,1.9215096774884768,20.02060888079845

fixedu Hubbard 0.7998981626739871 3 4.209606197642155 4 1 1 0,0 3,3 12.649616236210532,1.5,12.649616236210532
fixedu Hubbard 0.8217096171114721 3 0.24401776865124702 4 1 1 0,0 3,3 11.662488725036383,10.495296814944595,11.662488725036383
fixedu Hubbard 0.9069944996447055 3 0.2665388831572656 4 1 1 0,0 3,3 10.5,10.5,10.5
fixedu Hubbard 0.9307994988299937 3 0.30038606554224145 4 1 1 0,0 3,3 20.462725830125436,10.497989375717061,20.462725830125436
fixedu Hubbard 0.930905670426121 3 0.30038606554224145 4 1 1 0,0 3,3 20.462725830125436,10.479127485555793,20.462725830125436
fixedu Hubbard 0.9390723590217753 3 0.2966841656873883 4 1 1 0,0 3,3 20.5,10.5,20.5
fixedu Hubbard 0.939072359021777 3 0.29668416583546925 4 1 1 0,0 3,3 20.5,10.5,20.5
fixedu Hubbard 0.9390723590217777 3 0.2966841657885486 4 1 1 0,0 3,3 20.5,10.5,20.5
fixedu Hubbard 0.9390723590217914 3 0.29668416829303584 4 1 1 0,0 3,3 20.5,10.5,20.5
fixedu Hubbard 0.9390723590217921 3 0.2966841685713602 4 1 1 0,0 3,3 20.5,10.5,20.5
fixedu Hubbard 0.9440626230983254 3 25.17412977620946 4 1 1 0,0 3,3 20.389505112759256,3.2916789439073324,20.389505112759256
fixedu Hubbard 0.9440626230983913 3 25.174129773047376 4 1 1 0,0 3,3 20.389505108380046,3.291678945387456,20.389505108380046
fixedu Hubbard 0.9440626230986342 3 25.1741291501255 4 1 1 0,0 3,3 20.38950561661407,3.291679063706557,20.38950561661407
fixedu Hubbard 0.9440626230986346 3 25.17412914910961 4 1 1 0,0 3,3 20.389505616006645,3.2916790634391258,20.389505616006645
fixedu Hubbard 0.9440626230986879 3 25.17412914855017 4 1 1 0,0 3,3 20.38950560975108,3.2916790609285775,20.38950560975108
fixedu Hubbard 0.944062623098701 3 25.17412915082921 4 1 1 0,0 3,3 20.38950560897068,3.2916790524339734,20.38950560897068
fixedu Hubbard 0.9638249348082126 3 25.176915160954934 4 1 1 0,0 3,3 20.397459768084474,3.030005378612504,20.397459768084474
fixedu Hubbard 0.9709636548178661 3 25.123428626109444 4 1 1 0,0 3,3 20.440655484767436,3.032438570891048,20.440655484767436
fixedu Hubbard 0.9709636548293695 3 25.123428679428216 4 1 1 0,0 3,3 20.440655535145876,3.032438615803628,20.440655535145876
fixedu Hubbard 0.9709636548347658 3 25.12342866642704 4 1 1 0,0 3,3 20.4406554895461,3.0324386829751133,20.4406554895461
fixedu Hubbard 0.9709636548379116 3 25.12342869091186 4 1 1 0,0 3,3 20.440655510541582,3.0324387083471316,20.440655510541582
fixedu Hubbard 0.9709636548396083 3 25.123428683249728 4 1 1 0,0 3,3 20.440655485530474,3.032438758597628,20.440655485530474
fixedu Hubbard 0.9709636548407459 3 25.123428701921107 4 1 1 0,0 3,3 20.44065550130583,3.0324387675434687,20.44065550130583
fixedu Hubbard 0.9709636548408811 3 25.123428699211996 4 1 1 0,0 3,3 20.44065548221702,3.0324387778566138,20.44065548221702
fixedu Hubbard 0.9709636548414375 3 25.123428712307085 4 1 1 0,0 3,3 20.44065548961458,3.032438792695183,20.44065548961458

fixedu Hubbard 0.11072934490519637 3 0.8490205481648445 4 1 1 0,0 3,3 13.61431635171175,4.547603912651539,13.61431635171175
fixedu Hubbard 0.24699295470483928 3 1.3902400831799833 4 1 1 0,0 3,3 11.065848912955131,4.289584025973327,11.065848912955131
fixedu Hubbard 0.6995734093028272 3 30.715209528803825 4 1 1 0,0 3,3 12.60875391960144,8.381229922175407,12.60875391960144
fixedu Hubbard 0.8846713545830619 3 30.366161397057212 4 1 1 0,0 3,3 12.744983289083734,8.473827698609435,12.744983289083734
fixedu Hubbard 0.9060248683918987 3 0.30195839025811466 4 1 1 0,0 3,3 30.38404358515122,9.96796109035401,30.38404358515122
fixedu Hubbard 0.9073419923727143 3 0.30195839025811466 4 1 1 0,0 3,3 30.38404358515122,10.00952527364646,30.38404358515122
fixedu Hubbard 0.9377311111207033 3 0.30460388051180676 4 1 1 0,0 3,3 30.5,10.282421327226114,30.5
fixedu Hubbard 0.9553891051021298 3 0.2564615320697001 4 1 1 0,0 3,3 10.533013987588575,12.710421670460391,10.533013987588575
fixedu Hubbard 0.9860468877046148 3 0.15257445220279844 4 1 1 0,0 3,3 17.82429625973047,20.5,17.82429625973047
fixedu Hubbard 0.98893000995379 3 12.592633073911816 4 1 1 0,0 3,3 30.381414231404317,3.4206182193771704,30.381414231404317
fixedu Hubbard 0.9889300100190987 3 12.59264294593301 4 1 1 0,0 3,3 30.381390383249183,3.420615358876932,30.381390383249183
fixedu Hubbard 0.9889300100191794 3 12.592642948834062 4 1 1 0,0 3,3 30.381390384761037,3.4206153584689716,30.381390384761037
fixedu Hubbard 0.9960766056278653 3 16.75853025681456 4 1 1 0,0 3,3 27.719818191808592,1.9214126376853817,27.719818191808592
fixedu Hubbard 0.9960766056286201 3 16.758530238644425 4 1 1 0,0 3,3 27.719818178373252,1.9214126627080577,27.719818178373252
fixedu Hubbard 0.9960766056299835 3 16.75853025843882 4 1 1 0,0 3,3 27.719818187776784,1.9214126808279117,27.719818187776784
fixedu Hubbard 0.99607660563056 3 16.75853024374765 4 1 1 0,0 3,3 27.719818174993197,1.921412701175491,27.719818174993197

fixedu Hubbard 0.26051282944306786 3 21.55393436551094 4 1 1 0,0 3,3 27.706411242485046,3.7383088171482086,27.706411242485046
fixedu Hubbard 0.34016543893468687 3 9.91799220442772 4 1 1 0,0 3,3 31.458659440279007,16.30189411342144,31.458659440279007
fixedu Hubbard 0.6996579956892055 3 8.396565642774897 4 1 1 0,0 3,3 30.375268789501337,16.05200614856222,30.375268789501337
fixedu Hubbard 0.893734998952002 3 0.35747694596648216 4 1 1 0,0 3,3 26.051339563624424,9.357621230185032,26.051339563624424
fixedu Hubbard 0.9642708572083679 3 0.22942014921499398 4 1 1 0,0 3,3 40.5,13.670197510192017,40.5
fixedu Hubbard 0.9671336285861342 3 0.2080507457615255 4 1 1 0,0 3,3 29.357736467323733,14.790801850910086,29.357736467323733
fixedu Hubbard 0.9835460639524273 3 0.15254854779887594 4 1 1 0,0 3,3 39.88357372303622,20.5,39.88357372303622
fixedu Hubbard 0.984941632689529 3 0.15254854779887594 4 1 1 0,0 3,3 17.650026841927833,20.483077202172296,17.650026841927833
fixedu Hubbard 0.9860468877049934 3 0.15257437728410006 4 1 1 0,0 3,3 17.824307499829608,20.5,17.824307499829608
fixedu Hubbard 0.9860468877050882 3 0.15257439116549817 4 1 1 0,0 3,3 17.824305387039335,20.5,17.824305387039335
fixedu Hubbard 0.9860468877051171 3 0.15257439737139633 4 1 1 0,0 3,3 17.824304732008557,20.5,17.824304732008557
fixedu Hubbard 0.9860468877051195 3 0.15257439757275817 4 1 1 0,0 3,3 17.82430483788052,20.5,17.82430483788052
fixedu Hubbard 0.986046887705139 3 0.152574406652523 4 1 1 0,0 3,3 17.824303903122996,20.5,17.824303903122996

fixedu Hubbard 0.16554160410654295 3 0.8857210427522659 4 1 1 0,0 3,3 25.109550030902028,10.691066414117813,25.109550030902028
fixedu Hubbard 0.5896486167454938 3 0.3139619901776314 4 1 1 0,0 3,3 20.888130016624928,10.595651224255562,20.888130016624928
fixedu Hubbard 0.9835460639557262 3 0.15254863785806208 4 1 1 0,0 3,3 39.883548651366056,20.5,39.883548651366056
fixedu Hubbard 0.9860468877051191 3 0.15257441390482768 4 1 1 0,0 3,3 17.824302575284722,20.5,17.824302575284722
fixedu Hubbard 0.9860468877051347 3 0.15257440977081319 4 1 1 0,0 3,3 17.824304131964144,20.5,17.824304131964144
fixedu Hubbard 0.9860468877051402 3 0.1525744076553705 4 1 1 0,0 3,3 17.824304131941396,20.5,17.824304131941396

fixedu Hubbard 0.11357565468977959 3 0.5629139468073845 4 1 1 0,0 3,3 28.171024344861507,18.349588960409164,28.171024344861507
fixedu Hubbard 0.9053316931534812 3 0.369933111251599 4 1 1 0,0 3,3 40.5,25.457711181836572,40.5
fixedu Hubbard 0.9105480887612343 3 0.25543162401299924 4 1 1 0,0 3,3 36.979543944762554,11.959485452098306,36.979543944762554
fixedu Hubbard 0.9526316796747464 3 0.25543162401299924 4 1 1 0,0 3,3 36.43035185732879,11.959485452098306,36.43035185732879
fixedu Hubbard 0.9642708571475347 3 0.2294200128061017 4 1 1 0,0 3,3 40.5,13.67020436982758,40.5
fixedu Hubbard 0.9889453382330625 3 0.0802292800253781 4 1 1 0,0 3,3 34.76240916912877,39.396372742950916,34.76240916912877
fixedu Hubbard 0.9962509735759679 3 0.07904310449274311 4 1 1 0,0 3,3 34.41134326921886,39.716231273177854,34.41134326921886
fixedu Hubbard 0.9963952076843411 3 0.07748232741281648 4 1 1 0,0 3,3 35.109899364378066,40.5,35.109899364378066
fixedu Hubbard 0.996395207686453 3 0.0774822614299144 4 1 1 0,0 3,3 35.109938814239705,40.5,35.109938814239705
fixedu Hubbard 0.9963952076864988 3 0.07748229447783156 4 1 1 0,0 3,3 35.10992506819916,40.5,35.10992506819916
fixedu Hubbard 0.9963952076865044 3 0.07748228422419708 4 1 1 0,0 3,3 35.109925068185625,40.5,35.109925068185625
fixedu Hubbard 0.9963952076865646 3 0.07748226832838381 4 1 1 0,0 3,3 35.10993718085959,40.5,35.10993718085959
fixedu Hubbard 0.9963952076865877 3 0.07748227492209872 4 1 1 0,0 3,3 35.1099307544475,40.5,35.1099307544475
fixedu Hubbard 0.9963952076866438 3 0.07748227690263179 4 1 1 0,0 3,3 35.1099323812625,40.5,35.1099323812625
fixedu Hubbard 0.9963952076866445 3 0.07748227635406044 4 1 1 0,0 3,3 35.10993238126511,40.5,35.10993238126511
fixedu Hubbard 0.9963952076866478 3 0.07748227901234861 4 1 1 0,0 3,3 35.109930829524515,40.5,35.109930829524515

fixedu Hubbard 0.7006063291080593 3 0.6840506588517266 4 1 1 0,0 3,3 38.351293316945295,50.5,38.351293316945295
fixedu Hubbard 0.7800718038205119 3 0.15503184497356415 4 1 1 0,0 3,3 18.922547227004543,16.17776457965374,18.922547227004543
fixedu Hubbard 0.8190417159421698 3 0.15503184497356415 4 1 1 0,0 3,3 18.922547227004543,16.808167796581984,18.922547227004543
fixedu Hubbard 0.9972929503041867 3 0.0671557571666343 4 1 1 0,0 3,3 40.5,46.775079773746675,40.5
fixedu Hubbard 0.997292950304634 3 0.06715576487161395 4 1 1 0,0 3,3 40.5,46.77507977377382,40.5
fixedu Hubbard 0.9972929503052971 3 0.06715573221008099 4 1 1 0,0 3,3 40.5,46.77516845318661,40.5
fixedu Hubbard 0.9972929503055339 3 0.06715575796611072 4 1 1 0,0 3,3 40.5,46.775089522897865,40.5
fixedu Hubbard 0.9972929503056827 3 0.06715576136923515 4 1 1 0,0 3,3 40.5,46.77508952292502,40.5
fixedu Hubbard 0.9972929503060716 3 0.06715573653605333 4 1 1 0,0 3,3 40.5,46.77516084418791,40.5
fixedu Hubbard 0.9972929503070952 3 0.06715574215132315 4 1 1 0,0 3,3 40.5,46.77514512902141,40.5
fixedu Hubbard 0.9972929503073956 3 0.06715574490614637 4 1 1 0,0 3,3 40.5,46.77513524966064,40.5
fixedu Hubbard 0.9972929503074848 3 0.06715574889906673 4 1 1 0,0 3,3 40.5,46.77512518980922,40.5

fixedu Hubbard 0.10862933872203051 3 0.982872948050499 4 1 1 0,0 3,3 33.33682496845722,34.727011643350124,33.33682496845722
fixedu Hubbard 0.8605908220225121 3 0.10584944486618042 4 1 1 0,0 3,3 28.459801465272903,31.311145558953285,28.459801465272903
fixedu Hubbard 0.994164808849709 3 0.09863886776923907 4 1 1 0,0 3,3 27.572777528818403,31.807434431322957,27.572777528818403
fixedu Hubbard 0.9967362720109978 3 0.06643520318903029 4 1 1 0,0 3,3 41.1519353184849,47.74030288960785,41.1519353184849
fixedu Hubbard 0.9973227393970241 3 0.06601826935879525 4 1 1 0,0 3,3 41.15192096058319,47.740291755258234,41.15192096058319
fixedu Hubbard 0.9973364234381216 3 0.06601826935879525 4 1 1 0,0 3,3 41.278199272374025,47.48272862398737,41.278199272374025
fixedu Hubbard 0.9973494342527595 3 0.06595623200636994 4 1 1 0,0 3,3 41.278197142973355,47.48273036732498,41.278197142973355
fixedu Hubbard 0.9973713937817135 3 0.06595623200636994 4 1 1 0,0 3,3 41.26170449642112,47.5254521860459,41.26170449642112
fixedu Hubbard 0.9973857862350506 3 0.06599364622150394 4 1 1 0,0 3,3 41.2181674848201,47.58338460749036,41.2181674848201
fixedu Hubbard 0.9974163759599122 3 0.06531116800000669 4 1 1 0,0 3,3 41.71346113824907,48.06813693814769,41.71346113824907
fixedu Hubbard 0.9974319876006751 3 0.06531116800000669 4 1 1 0,0 3,3 41.686856296869124,48.06813693814769,41.686856296869124
fixedu Hubbard 0.9974375487718352 3 0.06527109880017981 4 1 1 0,0 3,3 41.686855975899114,48.0681371267366,41.686855975899114
fixedu Hubbard 0.9974377189505866 3 0.06527109880017981 4 1 1 0,0 3,3 41.68461368045634,48.0681371267366,41.68461368045634
fixedu Hubbard 0.9974377435471 3 0.0652737565323628 4 1 1 0,0 3,3 41.68461365957621,48.068137179088616,41.68461365957621
fixedu Hubbard 0.9974385043955556 3 0.0652737565323628 4 1 1 0,0 3,3 41.67454241334386,48.07142156968298,41.67454241334386
fixedu Hubbard 0.9974429002918519 3 0.0652737565323628 4 1 1 0,0 3,3 41.67454241334386,48.12001013374676,41.67454241334386
fixedu Hubbard 0.9974457893147618 3 0.06519696485647895 4 1 1 0,0 3,3 41.7304219693505,48.13623220747018,41.7304219693505
fixedu Hubbard 0.9974526463491165 3 0.06505703285419728 4 1 1 0,0 3,3 41.82635027293621,48.34966013593956,41.82635027293621
fixedu Hubbard 0.9974594373389608 3 0.06501290309348377 4 1 1 0,0 3,3 41.8263503638929,48.3496599225488,41.8263503638929
fixedu Hubbard 0.9974600768788455 3 0.06501290309348377 4 1 1 0,0 3,3 41.82923357156379,48.3496599225488,41.82923357156379
fixedu Hubbard 0.9974601155287505 3 0.06500957179377155 4 1 1 0,0 3,3 41.829233633765,48.349659894308054,41.829233633765
fixedu Hubbard 0.9974605239484812 3 0.06500957179377155 4 1 1 0,0 3,3 41.831099547969444,48.349659894308054,41.831099547969444
fixedu Hubbard 0.9974605403653672 3 0.06500739929661152 4 1 1 0,0 3,3 41.83109960983235,48.34965986794361,41.83109960983235
fixedu Hubbard 0.9974627874775299 3 0.06500739929661152 4 1 1 0,0 3,3 41.84808679269881,48.34667705541139,41.84808679269881
fixedu Hubbard 0.9974640179874371 3 0.06498861233620212 4 1 1 0,0 3,3 41.848086911874276,48.34667700630637,41.848086911874276
fixedu Hubbard 0.997464231030298 3 0.06498861233620212 4 1 1 0,0 3,3 41.85865138433371,48.3100249821581,41.85865138433371
fixedu Hubbard 0.9974642310412345 3 0.06498866348571827 4 1 1 0,0 3,3 41.858651388825756,48.31002499430062,41.858651388825756
fixedu Hubbard 0.9974647588109742 3 0.06498866348571827 4 1 1 0,0 3,3 41.866371982559826,48.34955680785362,41.866371982559826
fixedu Hubbard 0.9974664931716922 3 0.06496637358426512 4 1 1 0,0 3,3 41.866372039560964,48.34955679732871,41.866372039560964
fixedu Hubbard 0.9974697021692697 3 0.06485296616921121 4 1 1 0,0 3,3 41.9503238195656,48.37410537118407,41.9503238195656
fixedu Hubbard 0.9974699112089404 3 0.06486065649404503 4 1 1 0,0 3,3 41.950323755739994,48.37410552582464,41.950323755739994
fixedu Hubbard 0.9974699176750936 3 0.06486065649404503 4 1 1 0,0 3,3 41.95024721420437,48.37410552582464,41.95024721420437
fixedu Hubbard 0.9974699177250732 3 0.0648607707736408 4 1 1 0,0 3,3 41.950247201441954,48.37410555288824,41.950247201441954
fixedu Hubbard 0.9974718576605773 3 0.0648607707736408 4 1 1 0,0 3,3 41.93653100256091,48.47468055912529,41.93653100256091
fixedu Hubbard 0.9974729667759198 3 0.06484289206072741 4 1 1 0,0 3,3 41.9365317215902,48.47468023089891,41.9365317215902
fixedu Hubbard 0.9974751218618553 3 0.06484289206072741 4 1 1 0,0 3,3 41.955972696619966,48.47468023089891,41.955972696619966
fixedu Hubbard 0.9974768859564875 3 0.06482046012616123 4 1 1 0,0 3,3 41.95597281423816,48.474680165897254,41.95597281423816
fixedu Hubbard 0.997476904983075 3 0.06482046012616123 4 1 1 0,0 3,3 41.95597281423816,48.47424049150733,41.95597281423816
fixedu Hubbard 0.9974769050921078 3 0.06482063095614286 4 1 1 0,0 3,3 41.95597283909011,48.47424048534791,41.95597283909011
fixedu Hubbard 0.9974782276143892 3 0.06482063095614286 4 1 1 0,0 3,3 41.97361040184491,48.46306204899332,41.97361040184491
fixedu Hubbard 0.997479205248506 3 0.06480395272378538 4 1 1 0,0 3,3 41.97361040033519,48.463062051431464,41.97361040033519
fixedu Hubbard 0.9974794165516221 3 0.06480395272378538 4 1 1 0,0 3,3 41.97698755498145,48.463062051431464,41.97698755498145
fixedu Hubbard 0.9974794701268856 3 0.06480004492706472 4 1 1 0,0 3,3 41.97698757123626,48.46306206163572,41.97698757123626
fixedu Hubbard 0.9974795632391872 3 0.06480004492706472 4 1 1 0,0 3,3 41.978441920013935,48.46306206163572,41.978441920013935
fixedu Hubbard 0.9974795731418317 3 0.06479836210826992 4 1 1 0,0 3,3 41.978441937561904,48.46306207372453,41.978441937561904
fixedu Hubbard 0.9974874307682041 3 0.06457673287454063 4 1 1 0,0 3,3 42.14027206038774,48.568146691388165,42.14027206038774
fixedu Hubbard 0.9976791170038093 3 0.06216435557643636 4 1 1 0,0 3,3 43.76310012169728,50.5,43.76310012169728
fixedu Hubbard 0.9976791170042604 3 0.06216437369024937 4 1 1 0,0 3,3 43.76308397651181,50.5,43.76308397651181
fixedu Hubbard 0.9976791170043136 3 0.06216437830867287 4 1 1 0,0 3,3 43.76308192055144,50.5,43.76308192055144
fixedu Hubbard 0.9976791170043144 3 0.062164378306639435 4 1 1 0,0 3,3 43.76308192055145,50.5,43.76308192055145

fixedu Hubbard 0.9293879344060365 3 0.31185875618574094 4 1 1 0,0 3,3 49.09185262316403,70.5,49.09185262316403
fixedu Hubbard 0.9426928939351166 3 0.05371352066867985 4 1 1 0,0 3,3 49.9700355194509,51.55554779258091,49.9700355194509
fixedu Hubbard 0.9979964718698571 3 0.05776643047497954 4 1 1 0,0 3,3 47.09144062356139,54.36360052317916,47.09144062356139
fixedu Hubbard 0.9982390916975535 3 0.05396905909886224 4 1 1 0,0 3,3 50.40213727195039,58.10145842994465,50.40213727195039
fixedu Hubbard 0.9982391151823435 3 0.05395612708091486 4 1 1 0,0 3,3 50.44275463111737,58.11940794400201,50.44275463111737
fixedu Hubbard 0.9982469223441748 3 0.05403350169585235 4 1 1 0,0 3,3 50.34537226906205,58.12328595465871,50.34537226906205
fixedu Hubbard 0.9982500705002453 3 0.053983741435848984 4 1 1 0,0 3,3 50.39272078510365,58.1737412659011,50.39272078510365
fixedu Hubbard 0.9982517452572731 3 0.05395468554622402 4 1 1 0,0 3,3 50.421461511014044,58.19953682641014,50.421461511014044
fixedu Hubbard 0.9982517452894736 3 0.05395476036444426 4 1 1 0,0 3,3 50.421461796258484,58.19953791373537,50.421461796258484
fixedu Hubbard 0.9982579060105122 3 0.053863857910118725 4 1 1 0,0 3,3 50.5,58.3202415736349,50.5
fixedu Hubbard 0.9982579060120135 3 0.05386387898067901 4 1 1 0,0 3,3 50.5,58.32017643964427,50.5
fixedu Hubbard 0.9982579060121954 3 0.05386387033552701 4 1 1 0,0 3,3 50.5,58.32022004345828,50.5
fixedu Hubbard 0.9982579060124375 3 0.05386387362218786 4 1 1 0,0 3,3 50.5,58.320198289316686,50.5

fixedu Hubbard 0.9681772974604385 3 0.21451174235262696 4 1 1 0,0 3,3 100.13299935876337,43.96420071278742,100.13299935876337
fixedu Hubbard 0.9972463352965302 3 0.04512149095535278 4 1 1 0,0 3,3 60.14344458281994,68.24396723508835,60.14344458281994
fixedu Hubbard 0.9979189186572068 3 0.04542673999312054 4 1 1 0,0 3,3 60.143444661790554,68.24396811238417,60.143444661790554
fixedu Hubbard 0.9994131798120491 3 0.03125391296285613 4 1 1 0,0 3,3 87.04983555917872,100.5,87.04983555917872
fixedu Hubbard 0.9994131798215992 3 0.03125383171597778 4 1 1 0,0 3,3 87.05013788644649,100.5,87.05013788644649

fixedu Hubbard 0.38875996513110356 3 0.8806383162736893 4 1 1 0,0 3,3 899.3265257552266,582.3069593757391,899.3265257552266
fixedu Hubbard 0.421480713060983 3 0.39675237238407135 4 1 1 0,0 3,3 354.4680925011635,983.3416870608926,354.4680925011635
fixedu Hubbard 0.44495070864528485 3 0.39675237238407135 4 1 1 0,0 3,3 145.85283136740327,983.3416870608926,145.85283136740327
fixedu Hubbard 0.515758225048372 3 0.8774801548570395 4 1 1 0,0 3,3 145.85283136740327,254.59968496859074,145.85283136740327
fixedu Hubbard 0.5549889568537021 3 0.8761644200057959 4 1 1 0,0 3,3 145.90114720020745,254.57705370634582,145.90114720020745
fixedu Hubbard 0.6618604953820629 3 0.14626585692167282 4 1 1 0,0 3,3 939.6406888440251,153.97146445512772,939.6406888440251
fixedu Hubbard 0.985633722100223 3 0.14653492891361425 4 1 1 0,0 3,3 940.3356291478107,150.0726230733549,940.3356291478107
fixedu Hubbard 0.9968233645502371 3 0.02770039940643443 4 1 1 0,0 3,3 686.7968639088358,796.5955838256314,686.7968639088358
fixedu Hubbard 0.9969869189198506 3 0.02770039940643443 4 1 1 0,0 3,3 686.7968639088358,796.4877860912354,686.7968639088358
fixedu Hubbard 0.9969871709213712 3 0.02769988043504703 4 1 1 0,0 3,3 686.7968639404277,796.4877860633806,686.7968639404277
fixedu Hubbard 0.9972220427079842 3 0.02769988043504703 4 1 1 0,0 3,3 686.9492933274253,796.4877860633806,686.9492933274253
fixedu Hubbard 0.997241948836172 3 0.027695281452562594 4 1 1 0,0 3,3 686.949293629033,796.487785753491,686.949293629033
fixedu Hubbard 0.9976924587340806 3 0.027695281452562594 4 1 1 0,0 3,3 687.3261172596003,796.487785753491,687.3261172596003
fixedu Hubbard 0.9978478551592634 3 0.027695281452562594 4 1 1 0,0 3,3 687.3261172596003,796.374391428431,687.3261172596003
fixedu Hubbard 0.9979493615717735 3 0.027684901257317904 4 1 1 0,0 3,3 687.3261175465129,796.3743909264537,687.3261175465129
fixedu Hubbard 0.9979680881580124 3 0.027684901257317904 4 1 1 0,0 3,3 687.3261175465129,796.3582838405332,687.3261175465129
fixedu Hubbard 0.99796810804479 3 0.02768504607745332 4 1 1 0,0 3,3 687.3261175473513,796.3582838398154,687.3261175473513
fixedu Hubbard 0.9987953931580092 3 0.02768504607745332 4 1 1 0,0 3,3 687.3261175473513,795.4358531698108,687.3261175473513
fixedu Hubbard 0.9995399867895283 3 0.027673086697660068 4 1 1 0,0 3,3 688.2094207978441,794.6742573715854,688.2094207978441
fixedu Hubbard 0.999539986823385 3 0.02767308949129294 4 1 1 0,0 3,3 688.2094207978446,794.6742573715859,688.2094207978446
fixedu Hubbard 0.9996833328577467 3 0.022959050949928166 4 1 1 0,0 3,3 118.4996536815617,136.82586288669307,118.4996536815617
fixedu Hubbard 0.9997966073108354 3 0.01839991749049344 4 1 1 0,0 3,3 443.59334779104796,512.2161540555113,443.59334779104796
fixedu Hubbard 0.9997966073149197 3 0.018399918424047697 4 1 1 0,0 3,3 443.593347791049,512.216154055512,443.593347791049
fixedu Hubbard 0.9997971706130092 3 0.018374413229693447 4 1 1 0,0 3,3 444.2092320734462,512.9267657802881,444.2092320734462
fixedu Hubbard 0.9997971706679951 3 0.018374413229693447 4 1 1 0,0 3,3 444.20939974987823,512.9267657802881,444.20939974987823
fixedu Hubbard 0.9997971706680446 3 0.018374411514643453 4 1 1 0,0 3,3 444.20939974987834,512.9267657802883,444.20939974987834
fixedu Hubbard 0.9997972200772188 3 0.01835536732032106 4 1 1 0,0 3,3 444.68331299819124,513.4133306969942,444.68331299819124
fixedu Hubbard 0.9997974416305395 3 0.018337289356956273 4 1 1 0,0 3,3 445.0916649835556,514.0235590116883,445.0916649835556
fixedu Hubbard 0.9997983864851578 3 0.018319236274954978 4 1 1 0,0 3,3 445.54725875699756,514.4710833349862,445.54725875699756
fixedu Hubbard 0.9997985315612101 3 0.018312665561965397 4 1 1 0,0 3,3 445.70697720416314,514.6566073545056,445.70697720416314
fixedu Hubbard 0.9997986438972134 3 0.018307467083602896 4 1 1 0,0 3,3 445.8342524207651,514.8001204698231,445.8342524207651
fixedu Hubbard 0.9997989668624467 3 0.018292875254501517 4 1 1 0,0 3,3 446.1889111888222,515.2141447556228,446.1889111888222
fixedu Hubbard 0.9999672115546528 3 0.006484382488836435 4 1 1 0,0 3,3 419.7484128736009,483.8859592868339,419.7484128736009
fixedu Hubbard 0.9999692687236874 3 0.006484382488836435 4 1 1 0,0 3,3 419.75550267008293,484.01737181650196,419.75550267008293
fixedu Hubbard 0.9999693626798338 3 0.006483865939147094 4 1 1 0,0 3,3 419.7555026682929,484.01737181768175,419.7555026682929
fixedu Hubbard 0.999970663790878 3 0.006483865939147094 4 1 1 0,0 3,3 419.7555026682929,484.10662101368257,419.7555026682929
fixedu Hubbard 0.9999706951031007 3 0.0064835676366279 4 1 1 0,0 3,3 419.75550266744807,484.1066210142894,419.75550266744807
fixedu Hubbard 0.9999730015301582 3 0.0064835676366279 4 1 1 0,0 3,3 419.72883350901225,484.27965067348737,419.72883350901225
fixedu Hubbard 0.9999730270337127 3 0.006483298378086276 4 1 1 0,0 3,3 419.7288335084875,484.2796506738341,419.7288335084875
fixedu Hubbard 0.9999733051009956 3 0.006483298378086276 4 1 1 0,0 3,3 419.69478976451796,484.2796506738341,419.69478976451796
fixedu Hubbard 0.9999746014310238 3 0.006483298378086276 4 1 1 0,0 3,3 419.69478976451796,484.5588928693139,419.69478976451796
fixedu Hubbard 0.9999747037554664 3 0.006482759249439804 4 1 1 0,0 3,3 419.69478976402866,484.5588928693435,419.69478976402866
fixedu Hubbard 0.9999747845397127 3 0.006478336245398687 4 1 1 0,0 3,3 419.9668701341474,484.9398771750355,419.9668701341474
fixedu Hubbard 0.9999748434788239 3 0.00646908573090488 4 1 1 0,0 3,3 420.5755447771856,485.6051400369883,420.5755447771856
fixedu Hubbard 0.9999748434788246 3 0.00646908573090488 4 1 1 0,0 3,3 420.5755447771856,485.6051400369883,420.5755447771856

fixedu Hubbard 0.7421694060274421 3 46.44531226530671 4 1 1 0,0 3,3 0.28500333428382874,0.5624521933495998,0.28500333428382874
fixedu Hubbard 0.8706215022243873 3 980.5196926891804 4 1 1 0,0 3,3 0.23206400126218796,0.06204693019390106,0.23206400126218796
fixedu Hubbard 0.9817505604651112 3 980.3223110865663 4 1 1 0,0 3,3 0.23238081472349498,0.07134964475799646,0.23238081472349498
fixedu Hubbard 0.9868395485163216 3 800.2088701783925 4 1 1 0,0 3,3 0.12940726289525628,0.7679026052355766,0.12940726289525628
fixedu Hubbard 0.9884751036476243 3 800.4217791775884 4 1 1 0,0 3,3 0.1290073749209951,0.7678148824207529,0.1290073749209951
fixedu Hubbard 0.9890399892282674 3 399.1940221488476 4 1 1 0,0 3,3 0.10860822401753012,0.4329730949725672,0.10860822401753012
fixedu Hubbard 0.9939951562145506 3 398.90608117137543 4 1 1 0,0 3,3 0.10800461107087207,0.42702003283535794,0.10800461107087207
fixedu Hubbard 0.994454818062629 3 391.05204877257347 4 1 1 0,0 3,3 0.10705447869985107,0.6165623949491419,0.10705447869985107
fixedu Hubbard 0.998527111475767 3 390.552289948571 4 1 1 0,0 3,3 0.10793544588856073,0.6135418868224984,0.10793544588856073
fixedu Hubbard 0.9985271115448069 3 390.55228995208773 4 1 1 0,0 3,3 0.10793560222680475,0.6135420576750401,0.10793560222680475
fixedu Hubbard 0.9992229093770882 3 587.4362422840308 4 1 1 0,0 3,3 0.08819304086788474,0.5457255686415543,0.08819304086788474
fixedu Hubbard 0.9993806091521867 3 899.5943835645755 4 1 1 0,0 3,3 0.07111035400556039,0.5878347269910484,0.07111035400556039
fixedu Hubbard 0.9993806106828605 3 899.5943835639964 4 1 1 0,0 3,3 0.07110969352012327,0.5878343869493996,0.07110969352012327
fixedu Hubbard 0.9993806111214302 3 899.5943835669103 4 1 1 0,0 3,3 0.07110997841180725,0.5878340559138401,0.07110997841180725
fixedu Hubbard 0.9993997944327053 3 906.9924524423942 4 1 1 0,0 3,3 0.07084224734697991,0.5796896990855612,0.07084224734697991
fixedu Hubbard 0.9993997985537767 3 906.9924524521773 4 1 1 0,0 3,3 0.07084321303280561,0.5796900666608913,0.07084321303280561
fixedu Hubbard 0.9993998066222012 3 906.9932815089278 4 1 1 0,0 3,3 0.07084307816123434,0.5796917224804619,0.07084307816123434
fixedu Hubbard 0.9993998066306528 3 906.9932815261673 4 1 1 0,0 3,3 0.07084304680486495,0.5796916536643433,0.07084304680486495
fixedu Hubbard 0.9993998066349362 3 906.993281532355 4 1 1 0,0 3,3 0.07084307570657987,0.5796916153202827,0.07084307570657987
fixedu Hubbard 0.9993998066352475 3 906.9932815365761 4 1 1 0,0 3,3 0.07084307146628209,0.57969161387955,0.07084307146628209
fixedu Hubbard 0.99939980663534 3 906.9932815372837 4 1 1 0,0 3,3 0.07084307031475257,0.5796916130530968,0.07084307031475257
fixedu Hubbard 0.9994299795292506 3 901.6809744142166 4 1 1 0,0 3,3 0.07090716200313794,0.6076477673529446,0.07090716200313794
fixedu Hubbard 0.9994299796110332 3 901.6809744135875 4 1 1 0,0 3,3 0.07090702191637477,0.6076478429801943,0.07090702191637477
fixedu Hubbard 0.9994299796409964 3 901.6809744114012 4 1 1 0,0 3,3 0.0709070769640293,0.6076479486350823,0.0709070769640293
fixedu Hubbard 0.9994299796507448 3 901.6809744045635 4 1 1 0,0 3,3 0.07090702420671585,0.6076479905305957,0.07090702420671585
fixedu Hubbard 0.9994299796542514 3 901.680974406203 4 1 1 0,0 3,3 0.07090704820438215,0.6076480064663827,0.07090704820438215
fixedu Hubbard 0.9994299796559751 3 901.6809743991096 4 1 1 0,0 3,3 0.07090702694137986,0.607648040516153,0.07090702694137986
fixedu Hubbard 0.9994299796562668 3 901.68097439717 4 1 1 0,0 3,3 0.07090705726121478,0.6076480486196326,0.07090705726121478
fixedu Hubbard 0.9994299840793157 3 901.6796876572104 4 1 1 0,0 3,3 0.07090737372135089,0.6076473699603586,0.07090737372135089
fixedu Hubbard 0.9994299841353753 3 901.6796876627293 4 1 1 0,0 3,3 0.07090727893424205,0.6076472379842299,0.07090727893424205
fixedu Hubbard 0.9994299841566806 3 901.6796876775796 4 1 1 0,0 3,3 0.07090734304187957,0.6076472021135858,0.07090734304187957
fixedu Hubbard 0.9994299841655383 3 901.6796876663686 4 1 1 0,0 3,3 0.07090729378230853,0.6076471302102504,0.07090729378230853
fixedu Hubbard 0.9994299841738273 3 901.6796876675805 4 1 1 0,0 3,3 0.07090733321843273,0.607647110001407,0.07090733321843273
fixedu Hubbard 0.9994299850116791 3 901.6800715032481 4 1 1 0,0 3,3 0.07090752992540508,0.6076476265890882,0.07090752992540508
fixedu Hubbard 0.999429985387346 3 901.6801170920695 4 1 1 0,0 3,3 0.07090718268688641,0.6076475442874931,0.07090718268688641
fixedu Hubbard 0.9994299854056412 3 901.6801170938965 4 1 1 0,0 3,3 0.07090724927328818,0.6076475054339162,0.07090724927328818
fixedu Hubbard 0.9994299854141542 3 901.6801171025089 4 1 1 0,0 3,3 0.07090721429880006,0.6076474397520323,0.07090721429880006
fixedu Hubbard 0.9994488152994202 3 901.714344603026 4 1 1 0,0 3,3 0.07086594792661349,0.6145751251238499,0.07086594792661349
fixedu Hubbard 0.9994594504707438 3 901.7060463201897 4 1 1 0,0 3,3 0.07086594792661349,0.6145751251238499,0.07086594792661349
fixedu Hubbard 0.9994594826172888 3 901.7060444447385 4 1 1 0,0 3,3 0.07086779878366596,0.6145703389613559,0.07086779878366596
fixedu Hubbard 0.9995060836879264 3 901.6299856655759 4 1 1 0,0 3,3 0.07088472452154823,0.6145305623453999,0.07088472452154823
fixedu Hubbard 0.999506083692614 3 901.6299856654662 4 1 1 0,0 3,3 0.07088469064893738,0.6145305814185649,0.07088469064893738
fixedu Hubbard 0.9995060839476599 3 901.6300771225967 4 1 1 0,0 3,3 0.07088469363820642,0.6145306546723245,0.07088469363820642
fixedu Hubbard 0.9995060839479515 3 901.6300771193421 4 1 1 0,0 3,3 0.07088468457945417,0.6145306555845486,0.07088468457945417

fixedu Hubbard 0.3844506824650531 3 10.0 4 1 1 0,0 3,3 1.0,0.8620884423204794,1.0
fixedu Hubbard 0.6176625338831516 3 8.422589138150215 4 1 1 0,0 3,3 0.8357470445334911,0.999652311205864,0.8357470445334911
fixedu Hubbard 0.7334711645982853 3 8.938655712047835 4 1 1 0,0 3,3 0.7390299054522501,1.0,0.7390299054522501
fixedu Hubbard 0.7334711646031279 3 8.93866003396469 4 1 1 0,0 3,3 0.7390294346855041,1.0,0.7390294346855041
fixedu Hubbard 0.7334711646032794 3 8.938659815458852 4 1 1 0,0 3,3 0.7390294095245339,1.0,0.7390294095245339
fixedu Hubbard 0.7334711646033341 3 8.93865942342105 4 1 1 0,0 3,3 0.7390294472518646,1.0,0.7390294472518646

fixedu Hubbard 0.5847955959241382 3 69.68547772848979 4 1 1 0,0 3,3 0.7968689501285553,0.8224166333675385,0.7968689501285553
fixedu Hubbard 0.899419651409948 3 69.99772262871963 4 1 1 0,0 3,3 0.7987544783913998,0.7524480268745677,0.7987544783913998
fixedu Hubbard 0.9071202101335766 3 88.37122812867165 4 1 1 0,0 3,3 0.5933741668486618,0.48049601912498474,0.5933741668486618
fixedu Hubbard 0.9708536485665737 3 88.07653882811167 4 1 1 0,0 3,3 0.5996390458894818,0.48303793927456684,0.5996390458894818
fixedu Hubbard 0.9739578976979568 3 58.9600598113002 4 1 1 0,0 3,3 0.27363060871994094,0.9087687757673848,0.27363060871994094
fixedu Hubbard 0.9752811844374795 3 58.90279698961444 4 1 1 0,0 3,3 0.27399070748062004,0.9143631654008997,0.27399070748062004
fixedu Hubbard 0.9752811844375641 3 58.90278874204758 4 1 1 0,0 3,3 0.27399073776589705,0.9143633120343183,0.27399073776589705
fixedu Hubbard 0.9752811844384401 3 58.90279017988751 4 1 1 0,0 3,3 0.2739907392998383,0.9143631605898938,0.2739907392998383
fixedu Hubbard 0.9752811844385252 3 58.90279355934209 4 1 1 0,0 3,3 0.27399070068066084,0.9143631368729828,0.27399070068066084
fixedu Hubbard 0.9752811844388353 3 58.90279356482862 4 1 1 0,0 3,3 0.27399072985901746,0.9143631532494393,0.27399072985901746
fixedu Hubbard 0.9761996929000786 3 33.61154725656753 4 1 1 0,0 3,3 0.8071056534540068,0.9628530712330272,0.8071056534540068
fixedu Hubbard 0.9769929063643784 3 41.96039679790511 4 1 1 0,0 3,3 0.7290513240909721,0.34645564017598174,0.7290513240909721
fixedu Hubbard 0.9797937998060837 3 75.64160199666367 4 1 1 0,0 3,3 0.23992472179452307,0.972503902081371,0.23992472179452307
fixedu Hubbard 0.9824760441154826 3 75.60793798719136 4 1 1 0,0 3,3 0.23907238525746125,0.9639595611535515,0.23907238525746125
fixedu Hubbard 0.9824760441191145 3 75.60793799908555 4 1 1 0,0 3,3 0.2390723455085331,0.9639598081865307,0.2390723455085331
fixedu Hubbard 0.982476044119514 3 75.60793800318476 4 1 1 0,0 3,3 0.23907237781163224,0.9639598081865307,0.23907237781163224
fixedu Hubbard 0.9838955182259452 3 78.5205754275711 4 1 1 0,0 3,3 0.24261649991212972,0.6498844144361289,0.24261649991212972
fixedu Hubbard 0.9844414944836409 3 73.48455396987484 4 1 1 0,0 3,3 0.24203053373376668,0.9929384877194384,0.24203053373376668
fixedu Hubbard 0.984441494629206 3 73.48455397289352 4 1 1 0,0 3,3 0.242031212896824,0.9929387152399609,0.242031212896824
fixedu Hubbard 0.9844414946768074 3 73.48455394444598 4 1 1 0,0 3,3 0.242030956238187,0.992939380258258,0.242030956238187
fixedu Hubbard 0.9844414947001405 3 73.48455393426482 4 1 1 0,0 3,3 0.24203123425705117,0.9929394825399236,0.24203123425705117
fixedu Hubbard 0.9844414947108895 3 73.48455393971392 4 1 1 0,0 3,3 0.2420311328907935,0.9929398021981528,0.2420311328907935
fixedu Hubbard 0.984441494714047 3 73.48455393800636 4 1 1 0,0 3,3 0.2420312351815041,0.99293983909355,0.2420312351815041
fixedu Hubbard 0.9844414947146989 3 73.48455393133861 4 1 1 0,0 3,3 0.24203119271362186,0.9929398894131607,0.24203119271362186
fixedu Hubbard 0.9844414947153065 3 73.48455393336872 4 1 1 0,0 3,3 0.24203122804221217,0.9929399086175396,0.24203122804221217
fixedu Hubbard 0.9844414947161377 3 73.48455388249461 4 1 1 0,0 3,3 0.24203121115588908,0.9929400816754613,0.24203121115588908
fixedu Hubbard 0.9844414947163179 3 73.48455388213958 4 1 1 0,0 3,3 0.24203122837488078,0.9929400826517959,0.24203122837488078
fixedu Hubbard 0.9844414947168737 3 73.48454534404911 4 1 1 0,0 3,3 0.24203123126819165,0.9929399341341015,0.24203123126819165
fixedu Hubbard 0.9844414947173566 3 73.48455076149456 4 1 1 0,0 3,3 0.24203124841572551,0.9929400788226359,0.24203124841572551
fixedu Hubbard 0.9844414947174065 3 73.48455116805408 4 1 1 0,0 3,3 0.2420312312866527,0.992940013250703,0.2420312312866527

fixedu Hubbard 0.8117498808912206 3 73.30881828814745 4 1 1 0,0 3,3 0.41735348105430603,1.3161770477890968,0.41735348105430603
fixedu Hubbard 0.9179951867237736 3 73.54473889164703 4 1 1 0,0 3,3 0.41889019001453626,1.2769043040590773,0.41889019001453626
fixedu Hubbard 0.9642242412499977 3 54.03242761641741 4 1 1 0,0 3,3 0.24109222037077416,1.7975006768247113,0.24109222037077416
fixedu Hubbard 0.9937977869460177 3 54.25530194564318 4 1 1 0,0 3,3 0.2439500197005134,1.8229866938977572,0.2439500197005134
fixedu Hubbard 0.9949481637474044 3 99.59996007257052 4 1 1 0,0 3,3 0.20326259524660184,1.1431073921835129,0.20326259524660184
fixedu Hubbard 0.99674063244865 3 99.58340268889593 4 1 1 0,0 3,3 0.20379917498978678,1.1470887491227497,0.20379917498978678
fixedu Hubbard 0.9967406324786657 3 99.58340268470928 4 1 1 0,0 3,3 0.2037989162340311,1.1470887315483151,0.2037989162340311
fixedu Hubbard 0.9967406324806659 3 99.58340265690165 4 1 1 0,0 3,3 0.2037989164403956,1.1470885566027957,0.2037989164403956
fixedu Hubbard 0.9976108232151475 3 30.411587341607305 4 1 1 0,0 3,3 0.3602088104242413,1.4973442046275691,0.3602088104242413
fixedu Hubbard 0.9981951841263225 3 74.36737095287724 4 1 1 0,0 3,3 0.21674127734263735,1.6307084938549454,0.21674127734263735
fixedu Hubbard 0.9981951841267626 3 74.36737094951731 4 1 1 0,0 3,3 0.2167413056904297,1.630708489250607,0.2167413056904297
fixedu Hubbard 0.9981951841378368 3 74.36735167681071 4 1 1 0,0 3,3 0.21674136420230725,1.6307082809447,0.21674136420230725
fixedu Hubbard 0.9981951841391338 3 74.36735671487727 4 1 1 0,0 3,3 0.216741364820381,1.6307083382585845,0.216741364820381
fixedu Hubbard 0.9981951841391743 3 74.36735662900209 4 1 1 0,0 3,3 0.21674135558964402,1.6307083402926472,0.21674135558964402
fixedu Hubbard 0.9985067342998358 3 70.13666991797938 4 1 1 0,0 3,3 0.22308211707954628,1.6376069984045631,0.22308211707954628
fixedu Hubbard 0.998506734299874 3 70.13666991795276 4 1 1 0,0 3,3 0.2230820967273958,1.6376069978188899,0.2230820967273958

fixedu Hubbard 0.2850672456285821 3 21.13494646549225 4 1 1 0,0 3,3 1.3284499272704124,0.3010735958814621,1.3284499272704124
fixedu Hubbard 0.8639072351140638 3 20.28237691016882 4 1 1 0,0 3,3 1.1517057285207717,0.43577009416342094,1.1517057285207717
fixedu Hubbard 0.906849128114531 3 82.52376075834036 4 1 1 0,0 3,3 0.2259521335363388,0.542051762342453,0.2259521335363388
fixedu Hubbard 0.9572502692041198 3 82.92329473159356 4 1 1 0,0 3,3 0.23556183361723834,0.546831934144905,0.23556183361723834
fixedu Hubbard 0.9707185059170321 3 52.27946470346615 4 1 1 0,0 3,3 0.26410583385586506,1.5468476632927377,0.26410583385586506
fixedu Hubbard 0.9949826262801907 3 52.44981108249027 4 1 1 0,0 3,3 0.26606846235545595,1.5333760884341612,0.26606846235545595
fixedu Hubbard 0.9949826263281951 3 52.449845273771885 4 1 1 0,0 3,3 0.26606836281894364,1.533376472525588,0.26606836281894364
fixedu Hubbard 0.994982626332179 3 52.44984084798992 4 1 1 0,0 3,3 0.266068428135112,1.5333763943048646,0.266068428135112
fixedu Hubbard 0.9949826263325824 3 52.44983584022926 4 1 1 0,0 3,3 0.2660684896331997,1.5333763981116952,0.2660684896331997
fixedu Hubbard 0.9949826263331033 3 52.44983743551735 4 1 1 0,0 3,3 0.2660684475378985,1.533376327825799,0.2660684475378985
fixedu Hubbard 0.9956543131520391 3 93.36028738464039 4 1 1 0,0 3,3 0.17343330975741367,1.9818803015195192,0.17343330975741367
fixedu Hubbard 0.9962539866104555 3 69.05980141619297 4 1 1 0,0 3,3 0.23904630281929615,1.334668380096257,0.23904630281929615
fixedu Hubbard 0.9962539869981202 3 69.0598014212414 4 1 1 0,0 3,3 0.23904529095265253,1.3346687332623348,0.23904529095265253
fixedu Hubbard 0.9962539870361476 3 69.05980149567436 4 1 1 0,0 3,3 0.23904552044389982,1.3346693159726812,0.23904552044389982
fixedu Hubbard 0.9962539870398296 3 69.05980151357421 4 1 1 0,0 3,3 0.23904542231087034,1.3346693525708617,0.23904542231087034
fixedu Hubbard 0.99625398773675 3 69.05994384695477 4 1 1 0,0 3,3 0.23904493837075907,1.3346713071353273,0.23904493837075907
fixedu Hubbard 0.9969346911084784 3 66.05776041417911 4 1 1 0,0 3,3 0.23467848114580217,1.5512023128099348,0.23467848114580217
fixedu Hubbard 0.9969346911122063 3 66.05776041572932 4 1 1 0,0 3,3 0.23467856988797584,1.5512023029090694,0.23467856988797584
fixedu Hubbard 0.9969346912030976 3 66.05778129609298 4 1 1 0,0 3,3 0.2346784374748796,1.551202457650377,0.2346784374748796
fixedu Hubbard 0.9969346912077861 3 66.05778130486459 4 1 1 0,0 3,3 0.2346785240690089,1.551202616865261,0.2346785240690089
fixedu Hubbard 0.9969346912079943 3 66.05778130139896 4 1 1 0,0 3,3 0.23467849168883312,1.5512026226951612,0.23467849168883312
fixedu Hubbard 0.996934691208106 3 66.05778128801012 4 1 1 0,0 3,3 0.23467848121936663,1.5512026821899183,0.23467848121936663
fixedu Hubbard 0.9969346912084804 3 66.05778129562228 4 1 1 0,0 3,3 0.23467851567522346,1.5512026852154677,0.23467851567522346
fixedu Hubbard 0.9969346912401218 3 66.05779357588443 4 1 1 0,0 3,3 0.23467850402747026,1.5512031502750958,0.23467850402747026
fixedu Hubbard 0.9969346912449485 3 66.05779358985376 4 1 1 0,0 3,3 0.23467843486564566,1.5512028886927478,0.23467843486564566
fixedu Hubbard 0.9969346912452445 3 66.05779358824145 4 1 1 0,0 3,3 0.23467845779958063,1.5512028800586184,0.23467845779958063
fixedu Hubbard 0.9969346912743879 3 66.05782117156642 4 1 1 0,0 3,3 0.23467833752610376,1.551203350589855,0.23467833752610376
fixedu Hubbard 0.9969346912745752 3 66.05782117031136 4 1 1 0,0 3,3 0.23467835512828303,1.5512033525665703,0.23467835512828303
fixedu Hubbard 0.9969346912748362 3 66.05781767076422 4 1 1 0,0 3,3 0.234678394533731,1.551203273788734,0.234678394533731
fixedu Hubbard 0.9969346912749817 3 66.05781767317151 4 1 1 0,0 3,3 0.23467836589586655,1.55120327800148,0.23467836589586655
fixedu Hubbard 0.9974018911985386 3 97.54621318649603 4 1 1 0,0 3,3 0.20085151256336886,1.3058256088862155,0.20085151256336886
fixedu Hubbard 0.9989364894408804 3 99.40943797420246 4 1 1 0,0 3,3 0.19556592482614946,1.402756267421732,0.19556592482614946
fixedu Hubbard 0.9990963200512605 3 78.46173611993977 4 1 1 0,0 3,3 0.22223706912681823,1.3755577659992166,0.22223706912681823
fixedu Hubbard 0.9990963200663645 3 78.46174112269523 4 1 1 0,0 3,3 0.2222370991221283,1.3755576948366337,0.2222370991221283
fixedu Hubbard 0.9990963200985498 3 78.46175337060141 4 1 1 0,0 3,3 0.222236998762081,1.3755579234058257,0.222236998762081
fixedu Hubbard 0.9990963201042568 3 78.46176722100243 4 1 1 0,0 3,3 0.22223694732435062,1.3755581019137684,0.22223694732435062
fixedu Hubbard 0.9990963201056529 3 78.46176283536013 4 1 1 0,0 3,3 0.22223695951224437,1.3755580083028436,0.22223695951224437
fixedu Hubbard 0.9990963201056784 3 78.46176297565071 4 1 1 0,0 3,3 0.2222369581969549,1.3755580046830573,0.2222369581969549
fixedu Hubbard 0.9990963201057174 3 78.46176294121804 4 1 1 0,0 3,3 0.22223697075431806,1.3755580125814568,0.22223697075431806
