
HtoPSecond Pam 1.99336447348486e-09 3.0 34.717466332018375 19.756922349839446 4 1 1 0,0 3,3 0.44667982909520254,1.6461515831168911,0.44667982909520254 12.802504875644791,32.584062465414156,32.584062465414156,12.802504875644791
HtoPSecond Pam 2.3503129775725995e-08 3.0 64.57601660490036 19.756922349839446 4 1 1 0,0 3,3 0.44667982909520254,1.6461515831168911,0.44667982909520254 90.1857857112941,81.59044927439069,81.59044927439069,90.1857857112941
HtoPSecond Pam 2.348764575765827e-05 3.0 14.299253821372986 19.756922349839446 4 1 1 0,0 3,3 0.44667982909520254,1.6461515831168911,0.44667982909520254 90.1857857112941,81.59044927439069,81.59044927439069,90.1857857112941
HtoPSecond Pam 0.10551584199484254 3.0 8.26016738604216 19.756922349839446 4 1 1 0,0 3,3 0.44667982909520254,1.6461515831168911,0.44667982909520254 88.31898774034343,83.4837646961787,83.4837646961787,88.31898774034343
HtoPSecond Pam 0.11045999956402186 3.0 5.524902626872063 19.756922349839446 4 1 1 0,0 3,3 0.44667982909520254,1.6461515831168911,0.44667982909520254 20.594898335615007,25.639079902840457,25.639079902840457,20.594898335615007
HtoPSecond Pam 0.12019571846593846 3.0 7.978983092750481 19.756922349839446 4 1 1 0,0 3,3 0.44667982909520254,1.6461515831168911,0.44667982909520254 19.763872888999725,26.091561010007965,26.091561010007965,19.763872888999725

HtoPSecond Pam 1.734634658134837e-11 3.0 77.81143847107887 19.756922349839446 4 1 1 0,0 3,3 0.44667982909520254,1.6461515831168911,0.44667982909520254 59.506766427726724,91.2775019240093,91.2775019240093,59.506766427726724
HtoPSecond Pam 5.219339888618002e-06 3.0 33.14414554834366 19.756922349839446 4 1 1 0,0 3,3 0.44667982909520254,1.6461515831168911,0.44667982909520254 53.67189025264347,43.61020900027646,43.61020900027646,53.67189025264347
HtoPSecond Pam 4.639541417539306e-05 3.0 22.066903356462717 19.756922349839446 4 1 1 0,0 3,3 0.44667982909520254,1.6461515831168911,0.44667982909520254 44.86070586862238,37.905856235732166,37.905856235732166,44.86070586862238
HtoPSecond Pam 0.9352999707928281 3.0 0.0 19.756922349839446 4 1 1 0,0 3,3 0.44667982909520254,1.6461515831168911,0.44667982909520254 0.1,0.10252077152000885,0.10252077152000885,0.1

HtoPSecond Pam 0.00029361792385940166 3.0 39.635699808597565 19.756922349839446 4 1 1 0,0 3,3 0.44667982909520254,1.6461515831168911,0.44667982909520254 71.81693091988564,92.49022954702377,92.49022954702377,71.81693091988564
HtoPSecond Pam 0.10948650037994345 3.0 6.792169360073886 19.756922349839446 4 1 1 0,0 3,3 0.44667982909520254,1.6461515831168911,0.44667982909520254 85.03258716840642,89.11880256562229,89.11880256562229,85.03258716840642
HtoPSecond Pam 0.11422188031740599 3.0 1.5324933869560482 19.756922349839446 4 1 1 0,0 3,3 0.44667982909520254,1.6461515831168911,0.44667982909520254 60.25150030927034,58.93252407805994,58.93252407805994,60.25150030927034
HtoPSecond Pam 0.2194619811746925 3.0 1.0 19.756922349839446 4 1 1 0,0 3,3 0.44667982909520254,1.6461515831168911,0.44667982909520254 60.2746834797168,59.18230455037412,59.18230455037412,60.2746834797168
HtoPSecond Pam 0.3821788207922151 3.0 4.189104081126629 19.756922349839446 4 1 1 0,0 3,3 0.44667982909520254,1.6461515831168911,0.44667982909520254 1.7738073588220686,1.0923655990541192,1.0923655990541192,1.7738073588220686
HtoPSecond Pam 0.4188286212255652 3.0 4.240746666897667 19.756922349839446 4 1 1 0,0 3,3 0.44667982909520254,1.6461515831168911,0.44667982909520254 1.787449169552767,1.0933484584694364,1.0933484584694364,1.787449169552767
HtoPSecond Pam 0.49110208326596894 3.0 10.464376804469438 19.756922349839446 4 1 1 0,0 3,3 0.44667982909520254,1.6461515831168911,0.44667982909520254 2.9058862104143373,1.1441904775377765,1.1441904775377765,2.9058862104143373
HtoPSecond Pam 0.5401501134260897 3.0 10.464376804469438 19.756922349839446 4 1 1 0,0 3,3 0.44667982909520254,1.6461515831168911,0.44667982909520254 2.7550874403018497,1.1441904775377765,1.1441904775377765,2.7550874403018497
HtoPSecond Pam 0.6379391760953036 3.0 10.5813016505647 19.756922349839446 4 1 1 0,0 3,3 0.44667982909520254,1.6461515831168911,0.44667982909520254 2.753489274964298,1.0977048564311325,1.0977048564311325,2.753489274964298
HtoPSecond Pam 0.6379391762103008 3.0 10.58130161665849 19.756922349839446 4 1 1 0,0 3,3 0.44667982909520254,1.6461515831168911,0.44667982909520254 2.753488515763269,1.097704377883341,1.097704377883341,2.753488515763269
HtoPSecond Pam 0.6654080310049061 3.0 9.562682151041484 19.756922349839446 4 1 1 0,0 3,3 0.44667982909520254,1.6461515831168911,0.44667982909520254 2.6410725261530517,1.022864003174916,1.022864003174916,2.6410725261530517

HtoPSecond Pam 3.352873534367973e-14 3.0 19.808911576867104 15.291184097528458 4 1 1 0,0 3,3 0.44667982909520254,1.6461515831168911,0.44667982909520254 3.9652467370033264,49.20402680337429,49.20402680337429,3.9652467370033264
HtoPSecond Pam 4.6407322429331543e-14 3.0 78.7468093931675 88.22908191382885 4 1 1 0,0 3,3 0.44667982909520254,1.6461515831168911,0.44667982909520254 62.90314455330372,9.141924619674683,9.141924619674683,62.90314455330372
HtoPSecond Pam 6.120659534758488e-13 3.0 51.73299084842438 12.387279957532883 4 1 1 0,0 3,3 0.44667982909520254,1.6461515831168911,0.44667982909520254 35.8893260085606,76.30012266337872,76.30012266337872,35.8893260085606
HtoPSecond Pam 3.433746176284558e-09 3.0 92.52190258540213 92.17619169456884 4 1 1 0,0 3,3 0.44667982909520254,1.6461515831168911,0.44667982909520254 76.67823774553835,79.37455484294333,79.37455484294333,76.67823774553835
HtoPSecond Pam 0.00021613676829879136 3.0 22.37759894132614 67.19935456197709 4 1 1 0,0 3,3 0.44667982909520254,1.6461515831168911,0.44667982909520254 69.1917283711955,89.01383051276207,89.01383051276207,69.1917283711955
HtoPSecond Pam 0.0006981776118275551 3.0 37.543647319078445 98.37139093875885 4 1 1 0,0 3,3 0.44667982909520254,1.6461515831168911,0.44667982909520254 77.6392607241869,69.1858668923378,69.1858668923378,77.6392607241869
HtoPSecond Pam 0.0007337532989467599 3.0 37.543647319078445 98.37139093875885 4 1 1 0,0 3,3 0.44667982909520254,1.6461515831168911,0.44667982909520254 77.97302456200123,69.1858668923378,69.1858668923378,77.97302456200123
HtoPSecond Pam 0.0007475511660600676 3.0 37.52359960305434 98.36074941393271 4 1 1 0,0 3,3 0.44667982909520254,1.6461515831168911,0.44667982909520254 77.98198071962672,69.18862550767783,69.18862550767783,77.98198071962672
HtoPSecond Pam 0.0015937824109009124 3.0 15.300901923328638 71.3522361330688 4 1 1 0,0 3,3 0.44667982909520254,1.6461515831168911,0.44667982909520254 29.607294991612434,42.903919484466314,42.903919484466314,29.607294991612434
HtoPSecond Pam 0.24973925739158542 3.0 7.678848989411986 70.37698990543032 4 1 1 0,0 3,3 0.44667982909520254,1.6461515831168911,0.44667982909520254 29.428090599086634,35.23500890972684,35.23500890972684,29.428090599086634
HtoPSecond Pam 0.27274002127987773 3.0 1.373942780442178 61.49053255363833 4 1 1 0,0 3,3 0.44667982909520254,1.6461515831168911,0.44667982909520254 50.18953894890092,50.88315237665461,50.88315237665461,50.18953894890092
HtoPSecond Pam 0.8036116884969633 3.0 1.4151803380412915 63.148971971143524 4 1 1 0,0 3,3 0.44667982909520254,1.6461515831168911,0.44667982909520254 50.43920811948199,50.08644890230092,50.08644890230092,50.43920811948199
HtoPSecond Pam 0.8036116888027479 3.0 1.4151803544106818 63.148972107261656 4 1 1 0,0 3,3 0.44667982909520254,1.6461515831168911,0.44667982909520254 50.43920824272403,50.086448947940966,50.086448947940966,50.43920824272403
HtoPSecond Pam 0.8036116888762788 3.0 1.4151805504337416 63.148972266470984 4 1 1 0,0 3,3 0.44667982909520254,1.6461515831168911,0.44667982909520254 50.439208106955384,50.08644923289261,50.08644923289261,50.439208106955384
HtoPSecond Pam 0.8238220050068011 3.0 22.450940864686718 98.37260293335626 4 1 1 0,0 3,3 0.44667982909520254,1.6461515831168911,0.44667982909520254 1.7171626779197218,2.2311650873647517,2.2311650873647517,1.7171626779197218
HtoPSecond Pam 0.8238220052268367 3.0 22.450940866341398 98.37260292574727 4 1 1 0,0 3,3 0.44667982909520254,1.6461515831168911,0.44667982909520254 1.7171624908596632,2.231164972998156,2.231164972998156,1.7171624908596632
HtoPSecond Pam 0.8238220053142264 3.0 22.450940874516117 98.37260293134166 4 1 1 0,0 3,3 0.44667982909520254,1.6461515831168911,0.44667982909520254 1.717162633403936,2.231164725390343,2.231164725390343,1.717162633403936
HtoPSecond Pam 0.8238220053385401 3.0 22.450940874476103 98.37260292736654 4 1 1 0,0 3,3 0.44667982909520254,1.6461515831168911,0.44667982909520254 1.7171625695735064,2.231164690600975,2.231164690600975,1.7171625695735064
HtoPSecond Pam 0.8265519397808712 3.0 22.4759025061541 98.30884093887312 4 1 1 0,0 3,3 0.44667982909520254,1.6461515831168911,0.44667982909520254 1.7601534558836534,2.3557001345241133,2.3557001345241133,1.7601534558836534
HtoPSecond Pam 0.8266271058000824 3.0 22.47765581811747 98.30884093887312 4 1 1 0,0 3,3 0.44667982909520254,1.6461515831168911,0.44667982909520254 1.7601534558836534,2.3557001345241133,2.3557001345241133,1.7601534558836534
HtoPSecond Pam 0.8938287186949478 3.0 22.509266180361134 98.55016472599817 4 1 1 0,0 3,3 0.44667982909520254,1.6461515831168911,0.44667982909520254 1.7549946474634466,2.3425748847422927,2.3425748847422927,1.7549946474634466
HtoPSecond Pam 0.8938328555731205 3.0 22.54890432904233 98.5447591777735 4 1 1 0,0 3,3 0.44667982909520254,1.6461515831168911,0.44667982909520254 1.755195277760779,2.34272852956279,2.34272852956279,1.755195277760779
HtoPSecond Pam 0.8938338115559205 3.0 22.565034314688162 98.54234937607717 4 1 1 0,0 3,3 0.44667982909520254,1.6461515831168911,0.44667982909520254 1.755282170869092,2.342796313137972,2.342796313137972,1.755282170869092
HtoPSecond Pam 0.8938345128701146 3.0 22.589607546728892 98.53923399538726 4 1 1 0,0 3,3 0.44667982909520254,1.6461515831168911,0.44667982909520254 1.755400519123896,2.342886181764532,2.342886181764532,1.755400519123896
HtoPSecond Pam 0.8938345337026972 3.0 22.593658130411097 98.53869944316271 4 1 1 0,0 3,3 0.44667982909520254,1.6461515831168911,0.44667982909520254 1.7554205191972274,2.3429016079105716,2.3429016079105716,1.7554205191972274
HtoPSecond Pam 0.8938345337135122 3.0 22.59365812546358 98.53869943801845 4 1 1 0,0 3,3 0.44667982909520254,1.6461515831168911,0.44667982909520254 1.7554205434830537,2.3429015026428455,2.3429015026428455,1.7554205434830537
HtoPSecond Pam 0.8938345337138285 3.0 22.593658130306615 98.53869943118794 4 1 1 0,0 3,3 0.44667982909520254,1.6461515831168911,0.44667982909520254 1.7554205505909584,2.342901500573786,2.342901500573786,1.7554205505909584
HtoPSecond Pam 0.893834533714106 3.0 22.593658130455843 98.53869943109636 4 1 1 0,0 3,3 0.44667982909520254,1.6461515831168911,0.44667982909520254 1.7554205500179405,2.3429015004560068,2.3429015004560068,1.7554205500179405
