
HtoPFourth Pam 0.18345286361172186 3.0 61.9746006578207 97.45836193859577 4 1 1 0,0 3,3 39.95218444702609,147.23600080547357,39.95218444702609 30.24854375422001,88.9770139195025,88.9770139195025,30.24854375422001
HtoPFourth Pam 0.28995901720982786 3.0 88.56901367008686 99.10713858902454 4 1 1 0,0 3,3 33.25173296920887,122.54279083861859,33.25173296920887 64.47909273952246,59.194930247962475,59.194930247962475,64.47909273952246
HtoPFourth Pam 0.39609722697387695 3.0 88.55020254206543 99.09373626540363 4 1 1 0,0 3,3 33.2514158089812,122.54162200632112,33.2514158089812 64.49086192996504,59.18914325214202,59.18914325214202,64.49086192996504
HtoPFourth Pam 0.42939009615577506 3.0 96.55482411384583 40.768772949581034 4 1 1 0,0 3,3 20.69419295922126,76.26442091677244,20.69419295922126 4.744480029679835,83.89249998889863,83.89249998889863,4.744480029679835
HtoPFourth Pam 0.8906037679761798 3.0 98.78930433044754 37.08097610892668 4 1 1 0,0 3,3 20.819809629961412,76.72735671090408,20.819809629961412 1.7859942077450894,85.83511852354076,85.83511852354076,1.7859942077450894
HtoPFourth Pam 0.8946324654379049 3.0 97.51741117587773 84.21469197346596 4 1 1 0,0 3,3 10.805505427648074,39.8215874267963,10.805505427648074 10.175846273217758,74.19427769623854,74.19427769623854,10.175846273217758
HtoPFourth Pam 0.9104781156230524 3.0 97.46350396319137 84.18569884883956 4 1 1 0,0 3,3 10.803952779170519,39.8158654429885,10.803952779170519 10.178856945920938,74.22844396025724,74.22844396025724,10.178856945920938
HtoPFourth Pam 0.9111986586845611 3.0 99.77576451592051 98.24241321597052 4 1 1 0,0 3,3 10.921829257692753,40.25027626499646,10.921829257692753 9.1977678234513,74.86619506673156,74.86619506673156,9.1977678234513
HtoPFourth Pam 0.9394397695439178 3.0 100.0 97.86148807114841 4 1 1 0,0 3,3 10.9530064445368,40.365173719811956,10.9530064445368 9.233951550716645,75.16521773533138,75.16521773533138,9.233951550716645
HtoPFourth Pam 0.9394397695515526 3.0 100.0 97.8614880560949 4 1 1 0,0 3,3 10.953006447330294,40.36517373010683,10.953006447330294 9.233951587664512,75.16521768392374,75.16521768392374,9.233951587664512

HtoPFourth Pam 0.05758921597282596 3.0 86.07094839215279 39.48610886000097 4 1 1 0,0 3,3 1.7118781786626573,6.308793884015256,1.7118781786626573 108.52124737389386,88.28438380546868,88.28438380546868,108.52124737389386
HtoPFourth Pam 0.11332270989554705 3.0 65.77608855441213 7.732839770615101 4 1 1 0,0 3,3 45.801473317158674,168.7924166238931,45.801473317158674 109.91715133190155,89.68028776347637,89.68028776347637,109.91715133190155
HtoPFourth Pam 0.13317478870125055 3.0 76.63076227903366 90.5875135064125 4 1 1 0,0 3,3 29.20940532478708,107.64557897028538,29.20940532478708 1.771825060248375,100.5349614918232,100.5349614918232,1.771825060248375
HtoPFourth Pam 0.7505773240412474 3.0 78.73652895704463 87.20443483160724 4 1 1 0,0 3,3 29.95795731273326,110.40422164841775,29.95795731273326 1.5757876330813592,103.83787237684949,103.83787237684949,1.5757876330813592
HtoPFourth Pam 0.8090932771803873 3.0 115.52137925591205 116.63591514802982 4 1 1 0,0 3,3 19.61543818163399,72.28888011718618,19.61543818163399 7.8071154886442145,96.33643495995346,96.33643495995346,7.8071154886442145
HtoPFourth Pam 0.8958651624688118 3.0 114.33933553245903 117.8444571471882 4 1 1 0,0 3,3 19.416118566554214,71.55432646479841,19.416118566554214 7.724047025668661,95.35445205190534,95.35445205190534,7.724047025668661
HtoPFourth Pam 0.8970270808131704 3.0 113.81174392124035 117.8444571471882 4 1 1 0,0 3,3 19.416118566554214,71.55432646479841,19.416118566554214 7.724047025668661,95.35445205190534,95.35445205190534,7.724047025668661
HtoPFourth Pam 0.8989865956902509 3.0 113.81927214561462 117.84894793747335 4 1 1 0,0 3,3 19.41590207977016,71.55352864488562,19.41590207977016 7.7237906592357355,95.3520451922307,95.3520451922307,7.7237906592357355
HtoPFourth Pam 0.8990711337558298 3.0 113.85395930093334 117.81099115536928 4 1 1 0,0 3,3 19.422064841516303,71.57624030398456,19.422064841516303 7.72633197745313,95.38292344144759,95.38292344144759,7.72633197745313
HtoPFourth Pam 0.8990912214428773 3.0 96.0080814605397 82.62761141238133 4 1 1 0,0 3,3 9.063234803110987,33.400788098093,9.063234803110987 4.2139322960385925,55.77400859839699,55.77400859839699,4.2139322960385925
HtoPFourth Pam 0.9220756623652335 3.0 96.11601955087622 82.70016787236645 4 1 1 0,0 3,3 9.057596575365373,33.38000950697503,9.057596575365373 4.211042708715914,55.71905773178374,55.71905773178374,4.211042708715914
HtoPFourth Pam 0.9220756628121297 3.0 96.1160191493005 82.7001681837276 4 1 1 0,0 3,3 9.0575964889843,33.38000918863439,9.0575964889843 4.211042914949633,55.71905737858364,55.71905737858364,4.211042914949633
HtoPFourth Pam 0.9220756632875807 3.0 96.11601911061996 82.70016820549681 4 1 1 0,0 3,3 9.057596482234494,33.3800091637593,9.057596482234494 4.211042701228566,55.71905733698687,55.71905733698687,4.211042701228566
HtoPFourth Pam 0.9220756779322993 3.0 96.11600718715715 82.70017892128487 4 1 1 0,0 3,3 9.057593338691566,33.379997578843586,9.057593338691566 4.21104197467398,55.71904217888536,55.71904217888536,4.21104197467398
HtoPFourth Pam 0.922075679687774 3.0 96.11600706555592 82.7001793760896 4 1 1 0,0 3,3 9.057593381244551,33.37999773566434,9.057593381244551 4.2110423266199355,55.71904254824072,55.71904254824072,4.2110423266199355
HtoPFourth Pam 0.927770883966868 3.0 113.58207920682806 82.9222491130618 4 1 1 0,0 3,3 18.355282672212567,67.6448222222741,18.355282672212567 1.8061577092439638,96.63943244838903,96.63943244838903,1.8061577092439638
HtoPFourth Pam 0.9277708851511789 3.0 113.58207920988067 82.92224913875398 4 1 1 0,0 3,3 18.355282672788793,67.64482222439767,18.355282672788793 1.8061573129040818,96.63943245724025,96.63943245724025,1.8061573129040818
HtoPFourth Pam 0.9277708853236419 3.0 113.58207940464509 82.9222496689141 4 1 1 0,0 3,3 18.355282805069017,67.6448227118907,18.355282805069017 1.806157121183302,96.6394325526753,96.6394325526753,1.806157121183302
HtoPFourth Pam 0.9277708855236322 3.0 113.58207942422128 82.92224969102689 4 1 1 0,0 3,3 18.35528280217795,67.64482270123624,18.35528280217795 1.8061572795037248,96.63943253622784,96.63943253622784,1.8061572795037248
HtoPFourth Pam 0.9277708855237603 3.0 113.58207945110405 82.92224969377793 4 1 1 0,0 3,3 18.355282803595514,67.64482270646039,18.355282803595514 1.8061572479346468,96.63943252155666,96.63943252155666,1.8061572479346468
HtoPFourth Pam 0.9277708855496607 3.0 113.58207954280557 82.92224978272128 4 1 1 0,0 3,3 18.355282754027026,67.64482252378538,18.355282754027026 1.8061573460261557,96.63943244335476,96.63943244335476,1.8061573460261557
HtoPFourth Pam 0.9277708855676424 3.0 113.58207955358665 82.92224976357807 4 1 1 0,0 3,3 18.35528273609532,67.64482245770157,18.35528273609532 1.8061572627262998,96.63943242382791,96.63943242382791,1.8061572627262998
HtoPFourth Pam 0.927770885588874 3.0 113.58207958677008 82.92224988884249 4 1 1 0,0 3,3 18.35528272680858,67.64482242347708,18.35528272680858 1.806157333881624,96.63943243925144,96.63943243925144,1.806157333881624
HtoPFourth Pam 0.9277708856245164 3.0 113.58207962238588 82.92224993364775 4 1 1 0,0 3,3 18.3552827397282,67.64482247108982,18.3552827397282 1.8061572516071132,96.63943242921653,96.63943242921653,1.8061572516071132
HtoPFourth Pam 0.9277708856373983 3.0 113.58207974950146 82.922250258639 4 1 1 0,0 3,3 18.355282765702803,67.64482256681417,18.355282765702803 1.806157370382261,96.63943235256781,96.63943235256781,1.806157370382261
HtoPFourth Pam 0.9277708857285581 3.0 113.58207977672004 82.92225027171617 4 1 1 0,0 3,3 18.355282773545717,67.64482259571771,18.355282773545717 1.806157256332483,96.6394323210904,96.6394323210904,1.806157256332483
HtoPFourth Pam 0.9277708857525254 3.0 113.58207984550776 82.92225014883364 4 1 1 0,0 3,3 18.3552827218995,67.64482240538563,18.3552827218995 1.806157300466398,96.63943218866649,96.63943218866649,1.806157300466398
HtoPFourth Pam 0.9277708857553376 3.0 113.5820798856668 82.92225027431692 4 1 1 0,0 3,3 18.355282707377413,67.6448223518673,18.355282707377413 1.8061571934541507,96.63943212421952,96.63943212421952,1.8061571934541507
HtoPFourth Pam 0.936455617072546 3.0 112.6399273163518 82.99108110685835 4 1 1 0,0 3,3 18.34199664127065,67.59585914079206,18.34199664127065 1.804209198523776,96.55792844069009,96.55792844069009,1.804209198523776
HtoPFourth Pam 0.9364557240053928 3.0 112.63992626806903 82.99108263462448 4 1 1 0,0 3,3 18.341988405071717,67.5958287878837,18.341988405071717 1.80420970914657,96.5579418394143,96.5579418394143,1.80420970914657
HtoPFourth Pam 0.9364557241407812 3.0 112.63992603473547 82.99108290950568 4 1 1 0,0 3,3 18.341988492797686,67.59582911118069,18.341988492797686 1.8042098987949264,96.55794225560963,96.55794225560963,1.8042098987949264
HtoPFourth Pam 0.9364557243721369 3.0 112.63992598466058 82.99108287909387 4 1 1 0,0 3,3 18.341988489012138,67.5958290972298,18.341988489012138 1.8042096881098417,96.55794227611597,96.55794227611597,1.8042096881098417
HtoPFourth Pam 0.936455724475048 3.0 112.6399257532296 82.99108278001184 4 1 1 0,0 3,3 18.34198855546767,67.59582934213873,18.34198855546767 1.8042098299938147,96.55794230167172,96.55794230167172,1.8042098299938147
HtoPFourth Pam 0.9364557245753791 3.0 112.63992569509556 82.9910827575661 4 1 1 0,0 3,3 18.341988560413697,67.59582936036634,18.341988560413697 1.8042096920905148,96.55794233443396,96.55794233443396,1.8042096920905148
HtoPFourth Pam 0.9364557245950826 3.0 112.63992564391764 82.99108277800386 4 1 1 0,0 3,3 18.34198860603883,67.5958295285089,18.34198860603883 1.8042098086999692,96.5579423844488,96.5579423844488,1.8042098086999692
HtoPFourth Pam 0.9364557353797243 3.0 112.63990669830207 82.99106185281926 4 1 1 0,0 3,3 18.341992414787814,67.59584356491206,18.341992414787814 1.804210264249924,96.55796920746121,96.55796920746121,1.804210264249924
HtoPFourth Pam 0.9364557353811809 3.0 112.63990669767549 82.99106185203406 4 1 1 0,0 3,3 18.341992414105025,67.59584356239579,18.341992414105025 1.8042102635566126,96.55796920643705,96.55796920643705,1.8042102635566126
HtoPFourth Pam 0.9364557353837603 3.0 112.63990669485615 82.99106184504228 4 1 1 0,0 3,3 18.341992413242775,67.59584355921812,18.341992413242775 1.8042102543630967,96.55796919922061,96.55796919922061,1.8042102543630967
HtoPFourth Pam 0.9364557354472435 3.0 112.63982570701369 82.9911185950931 4 1 1 0,0 3,3 18.341980167379752,67.59579842947309,18.341980167379752 1.8042085199952935,96.55790288170735,96.55790288170735,1.8042085199952935
HtoPFourth Pam 0.9364557355188919 3.0 112.63982570882693 82.9911186269407 4 1 1 0,0 3,3 18.34198018288861,67.59579848662797,18.34198018288861 1.8042086301946336,96.55790287833119,96.55790287833119,1.8042086301946336
HtoPFourth Pam 0.9364557355203028 3.0 112.63982571222051 82.99111863082584 4 1 1 0,0 3,3 18.34198018567271,67.59579849688822,18.34198018567271 1.8042086175636594,96.55790287961904,96.55790287961904,1.8042086175636594
HtoPFourth Pam 0.9364557355321405 3.0 112.6398259009291 82.99111886646743 4 1 1 0,0 3,3 18.341980358172158,67.59579913260137,18.341980358172158 1.8042086176962724,96.55790276822395,96.55790276822395,1.8042086176962724
HtoPFourth Pam 0.9364557355335918 3.0 112.63982589640916 82.99111884112924 4 1 1 0,0 3,3 18.341980339889528,67.59579906522428,18.341980339889528 1.8042085844498594,96.55790276281225,96.55790276281225,1.8042085844498594
HtoPFourth Pam 0.9364557355935108 3.0 112.63982921794026 82.99112117145066 4 1 1 0,0 3,3 18.341979833950198,67.59579720068335,18.341979833950198 1.8042085246435036,96.55789939405769,96.55789939405769,1.8042085246435036
HtoPFourth Pam 0.9364557355968963 3.0 112.63982922277576 82.99112121421271 4 1 1 0,0 3,3 18.341979842983967,67.59579723397556,18.341979842983967 1.8042085880538614,96.55789940953953,96.55789940953953,1.8042085880538614
HtoPFourth Pam 0.9409297873015842 3.0 112.47495129885411 66.38856262965021 4 1 1 0,0 3,3 11.215156781426302,41.33127777013231,11.215156781426302 8.50351219114343,70.6133867835251,70.6133867835251,8.50351219114343
HtoPFourth Pam 0.9409343547374917 3.0 112.47910630398722 66.38561044430625 4 1 1 0,0 3,3 11.215644595266298,41.33307551310764,11.215644595266298 8.50389780909862,70.61653118320353,70.61653118320353,8.50389780909862
HtoPFourth Pam 0.9409343552756259 3.0 112.47910634667011 66.38561051693837 4 1 1 0,0 3,3 11.21564461408576,41.3330755824631,11.21564461408576 8.50389805402873,70.61653124052127,70.61653124052127,8.50389805402873
HtoPFourth Pam 0.9409390572741402 3.0 112.4844864232655 66.38244700995617 4 1 1 0,0 3,3 11.21617903733894,41.3350450953602,11.21617903733894 8.504312264636187,70.6198918014019,70.6198918014019,8.504312264636187
HtoPFourth Pam 0.9409390583809717 3.0 112.48448644212337 66.38244692543428 4 1 1 0,0 3,3 11.2161790351532,41.335045087305076,11.2161790351532 8.504311916991396,70.6198917941683,70.6198917941683,8.504311916991396
HtoPFourth Pam 0.9409392034318389 3.0 112.48647876496716 66.38244692543428 4 1 1 0,0 3,3 11.2161790351532,41.335045087305076,11.2161790351532 8.504311916991396,70.6198917941683,70.6198917941683,8.504311916991396
HtoPFourth Pam 0.9409405332446573 3.0 112.48615091204188 66.38095570808845 4 1 1 0,0 3,3 11.216420876326284,41.3359363458845,11.216420876326284 8.504506858561005,70.62148458698442,70.62148458698442,8.504506858561005
HtoPFourth Pam 0.9409405332590932 3.0 112.48615098277855 66.38095569086995 4 1 1 0,0 3,3 11.216420865459002,41.33593630583525,11.216420865459002 8.504506790631877,70.62148458302639,70.62148458302639,8.504506790631877
HtoPFourth Pam 0.940946484366777 3.0 112.49591236026777 66.37534874105768 4 1 1 0,0 3,3 11.217367412347786,41.33942462018923,11.217367412347786 8.505240511711872,70.62743054515698,70.62743054515698,8.505240511711872
HtoPFourth Pam 0.9409478097814448 3.0 112.4989386044429 66.37349301056717 4 1 1 0,0 3,3 11.2176786356722,41.34057157318512,11.2176786356722 8.505483171296817,70.62940297181014,70.62940297181014,8.505483171296817
HtoPFourth Pam 0.9409478861159672 3.0 112.49943322082024 66.37349301056717 4 1 1 0,0 3,3 11.2176786356722,41.34057157318512,11.2176786356722 8.505483171296817,70.62940297181014,70.62940297181014,8.505483171296817
HtoPFourth Pam 0.9409478866257823 3.0 112.49943322428211 66.37349297261794 4 1 1 0,0 3,3 11.217678698100764,41.34057180325345,11.217678698100764 8.505483428584853,70.62940289732313,70.62940289732313,8.505483428584853
HtoPFourth Pam 0.9409494814497483 3.0 112.50422097062872 66.3703154900658 4 1 1 0,0 3,3 11.218212897167895,41.34254048995649,11.218212897167895 8.505899057611972,70.63277730665077,70.63277730665077,8.505899057611972
HtoPFourth Pam 0.940949755737629 3.0 112.50541318233968 66.36955604962866 4 1 1 0,0 3,3 11.21833966051006,41.343007651585005,11.21833966051006 8.505998472324451,70.63358466323776,70.63358466323776,8.505998472324451
HtoPFourth Pam 0.9409497708037055 3.0 112.50543417239267 66.3694454417219 4 1 1 0,0 3,3 11.218355982504697,41.34306780311987,11.218355982504697 8.506012940891122,70.63370452918504,70.63370452918504,8.506012940891122
HtoPFourth Pam 0.9409499871747963 3.0 112.50660490720657 66.3687609800738 4 1 1 0,0 3,3 11.218473301515944,41.34350015950472,11.218473301515944 8.506102449129342,70.63442603678197,70.63442603678197,8.506102449129342
HtoPFourth Pam 0.940950507338011 3.0 112.51280026385594 66.3650519706091 4 1 1 0,0 3,3 11.219095213640408,41.34579209561099,11.219095213640408 8.506588574323251,70.63836941953105,70.63836941953105,8.506588574323251
HtoPFourth Pam 0.9409505104847926 3.0 112.51280026901637 66.36505190452705 4 1 1 0,0 3,3 11.219095208385914,41.345792076246575,11.219095208385914 8.506587930673225,70.63836944053028,70.63836944053028,8.506587930673225
HtoPFourth Pam 0.9409505104877589 3.0 112.51280016904757 66.36505260694763 4 1 1 0,0 3,3 11.21909529815474,41.34579240707211,11.21909529815474 8.506587883579725,70.6383699936574,70.6383699936574,8.506587883579725
HtoPFourth Pam 0.9409505105017872 3.0 112.51280017070958 66.36505258788672 4 1 1 0,0 3,3 11.219095286306214,41.34579236340667,11.219095286306214 8.506587821827864,70.63836998615977,70.63836998615977,8.506587821827864
HtoPFourth Pam 0.9435708311106988 3.0 115.14108861661074 71.18318250008558 4 1 1 0,0 3,3 15.185393957017773,55.96281424489996,15.185393957017773 14.706492709084076,100.74056691317023,100.74056691317023,14.706492709084076
HtoPFourth Pam 0.9435708313151906 3.0 115.14108861434397 71.18318255554435 4 1 1 0,0 3,3 15.185393948665759,55.962814214120236,15.185393948665759 14.706492860940559,100.74056693414015,100.74056693414015,14.706492860940559
HtoPFourth Pam 0.9435708330844167 3.0 115.14163234899085 71.18284027386223 4 1 1 0,0 3,3 15.185466041134514,55.96307989688414,15.185466041134514 14.7065642738145,100.74105347307929,100.74105347307929,14.7065642738145
HtoPFourth Pam 0.9435708330900558 3.0 115.14163234985742 71.18284023936134 4 1 1 0,0 3,3 15.185466029856766,55.963079855322185,15.185466029856766 14.706564262295972,100.74105343329234,100.74105343329234,14.706564262295972
HtoPFourth Pam 0.9435708331006186 3.0 115.14163235639323 71.18284023937046 4 1 1 0,0 3,3 15.185466035563458,55.96307987635309,15.185466035563458 14.70656428655337,100.74105343493942,100.74105343493942,14.70656428655337
HtoPFourth Pam 0.943570833111289 3.0 115.14163236213247 71.18284020144827 4 1 1 0,0 3,3 15.185466033594114,55.96307986909546,15.185466033594114 14.706564272878676,100.7410533441392,100.7410533441392,14.706564272878676
HtoPFourth Pam 0.9435708331239073 3.0 115.14163240096957 71.18284020525934 4 1 1 0,0 3,3 15.185466051684752,55.96307993576498,15.185466051684752 14.706564307353137,100.74105330326233,100.74105330326233,14.706564307353137
HtoPFourth Pam 0.9435708331283764 3.0 115.14163239478707 71.18284018459342 4 1 1 0,0 3,3 15.185466051104743,55.96307993362747,15.185466051104743 14.706564291793228,100.74105330700283,100.74105330700283,14.706564291793228
HtoPFourth Pam 0.9435708332011367 3.0 115.14163251039204 71.1828397783735 4 1 1 0,0 3,3 15.185466180718855,55.96308041129505,15.185466180718855 14.706564405132001,100.7410530933176,100.7410530933176,14.706564405132001
HtoPFourth Pam 0.9435708336595277 3.0 115.14146561557249 71.18294055997556 4 1 1 0,0 3,3 15.185445944623371,55.96300583510324,15.185445944623371 14.70654340149556,100.74091051711436,100.74091051711436,14.70654340149556
HtoPFourth Pam 0.9435708336668048 3.0 115.14146561278636 71.18294052472363 4 1 1 0,0 3,3 15.185445929441713,55.96300577915419,15.185445929441713 14.706543380859342,100.74091051968477,100.74091051968477,14.706543380859342
HtoPFourth Pam 0.9435708336741869 3.0 115.14146562213368 71.18294055214508 4 1 1 0,0 3,3 15.18544591767815,55.96300573580187,15.18544591767815 14.706543400313686,100.74091052024562,100.74091052024562,14.706543400313686
HtoPFourth Pam 0.9435708336912354 3.0 115.14146562245897 71.18294038848694 4 1 1 0,0 3,3 15.185445811940381,55.963005346125904,15.185445811940381 14.706543351361525,100.7409106102523,100.7409106102523,14.706543351361525
HtoPFourth Pam 0.9435708337390877 3.0 115.1414656050141 71.182940376329 4 1 1 0,0 3,3 15.18544579072048,55.96300526792408,15.18544579072048 14.706543426766334,100.74091060614289,100.74091060614289,14.706543426766334
HtoPFourth Pam 0.9435708337962774 3.0 115.14138455970189 71.18299207820954 4 1 1 0,0 3,3 15.185433659590975,55.962960561007094,15.185433659590975 14.706532590973698,100.74084033052024,100.74084033052024,14.706532590973698
HtoPFourth Pam 0.943570834011393 3.0 115.14141487465142 71.18297561573145 4 1 1 0,0 3,3 15.185437216000059,55.96297366746067,15.185437216000059 14.70653603031881,100.74086206348116,100.74086206348116,14.70653603031881
HtoPFourth Pam 0.9435708340116766 3.0 115.14141487417365 71.18297561392396 4 1 1 0,0 3,3 15.18543721445209,55.96297366175593,15.18543721445209 14.70653602777257,100.74086206166547,100.74086206166547,14.70653602777257
HtoPFourth Pam 0.9435708340135888 3.0 115.14141487417594 71.18297561391317 4 1 1 0,0 3,3 15.185437214454595,55.96297366176516,15.185437214454595 14.706536027762544,100.74086206166935,100.74086206166935,14.706536027762544
HtoPFourth Pam 0.9435708340140386 3.0 115.14141486999274 71.1829755889403 4 1 1 0,0 3,3 15.185437208953571,55.96297364149221,15.185437208953571 14.706536017659351,100.74086203309919,100.74086203309919,14.706536017659351
HtoPFourth Pam 0.9435708340196612 3.0 115.14141482176406 71.18297548845113 4 1 1 0,0 3,3 15.185437200910918,55.96297361185258,15.185437200910918 14.706536033147753,100.74086197693313,100.74086197693313,14.706536033147753

HtoPFourth Pam 0.18278784732639286 3.0 54.24719525873661 8.663936793804169 4 1 1 0,0 3,3 2150.422166565831,206.3901779960665,2150.422166565831 62.54224369302392,61.5075544193387,61.5075544193387,62.54224369302392
HtoPFourth Pam 0.30860430699495767 3.0 79.1711813909933 32.55122569203377 4 1 1 0,0 3,3 522.2635807215772,50.12507546744989,522.2635807215772 90.44342206697911,37.183424967341125,37.183424967341125,90.44342206697911
HtoPFourth Pam 0.3264959171653845 3.0 99.11468881368637 79.44552986323833 4 1 1 0,0 3,3 1185.2808114151396,113.7592057256186,1185.2808114151396 4.1875241082161665,28.260945386020467,28.260945386020467,4.1875241082161665
HtoPFourth Pam 0.326534925333373 3.0 89.67108651250601 79.44552986323833 4 1 1 0,0 3,3 1185.2808114151396,113.7592057256186,1185.2808114151396 4.1875241082161665,28.260945386020467,28.260945386020467,4.1875241082161665
HtoPFourth Pam 0.42985473400886465 3.0 89.67124347847977 78.73126087867885 4 1 1 0,0 3,3 1196.0396279153106,114.79180020265721,1196.0396279153106 4.246149380375394,28.393957966758506,28.393957966758506,4.246149380375394
HtoPFourth Pam 0.7729804580742946 3.0 77.51356902718544 115.34732882678509 4 1 1 0,0 3,3 1930.4387999317023,185.27692549072322,1930.4387999317023 106.79528814554214,17.07023413479328,17.07023413479328,106.79528814554214
HtoPFourth Pam 0.8558613911388411 3.0 77.51373065559221 115.29497611721754 4 1 1 0,0 3,3 1931.308615801023,185.36040744830535,1931.308615801023 106.99312802280159,17.081402329387984,17.081402329387984,106.99312802280159
HtoPFourth Pam 0.890800157188693 3.0 78.18558559858224 8.56272271160583 4 1 1 0,0 3,3 2102.777767374307,201.8174312198566,2102.777767374307 87.5949554816325,13.296074245446391,13.296074245446391,87.5949554816325
HtoPFourth Pam 0.9040799370277735 3.0 78.18558559857011 8.56269561718063 4 1 1 0,0 3,3 2102.7744226615996,201.81711020574977,2102.7744226615996 87.5949552541726,13.296074200732843,13.296074200732843,87.5949552541726
HtoPFourth Pam 0.9040883904464198 3.0 62.832790689014075 8.56269561718063 4 1 1 0,0 3,3 2102.7744226615996,201.81711020574977,2102.7744226615996 87.5949552541726,13.296074200732843,13.296074200732843,87.5949552541726
HtoPFourth Pam 0.9040883910507107 3.0 62.83279068901281 8.562695622179069 4 1 1 0,0 3,3 2102.7744226527416,201.81711020489962,2102.7744226527416 87.59495525790354,13.296074200909695,13.296074200909695,87.59495525790354
HtoPFourth Pam 0.9040916199038065 3.0 55.419207190861925 8.562695622179069 4 1 1 0,0 3,3 2102.7744226527416,201.81711020489962,2102.7744226527416 87.59495525790354,13.296074200909695,13.296074200909695,87.59495525790354
HtoPFourth Pam 0.9040916199071036 3.0 55.41920719086134 8.56269562151785 4 1 1 0,0 3,3 2102.7744226468026,201.81711020432962,2102.7744226468026 87.59495525898778,13.296074200968771,13.296074200968771,87.59495525898778
HtoPFourth Pam 0.9480213560776688 3.0 55.41920719086134 8.56269562151785 4 1 1 0,0 3,3 1507.6120692204713,144.69545940941444,1507.6120692204713 87.59495525898778,13.296074200968771,13.296074200968771,87.59495525898778
HtoPFourth Pam 0.9757437378071875 3.0 55.41911921507275 8.592447956618221 4 1 1 0,0 3,3 1502.3293674298754,144.18844372672064,1502.3293674298754 88.49669695430879,13.345154641132394,13.345154641132394,88.49669695430879
HtoPFourth Pam 0.975757410510729 3.0 63.826305294766144 8.592447956618221 4 1 1 0,0 3,3 1502.3293674298754,144.18844372672064,1502.3293674298754 88.49669695430879,13.345154641132394,13.345154641132394,88.49669695430879
HtoPFourth Pam 0.9757576444023007 3.0 63.82630529476398 8.592448177571312 4 1 1 0,0 3,3 1502.3293680412296,144.18844378539632,1502.3293680412296 88.4966969558146,13.345154641246447,13.345154641246447,88.4966969558146
HtoPFourth Pam 0.9757918371269346 3.0 82.29016655573116 8.592448177571312 4 1 1 0,0 3,3 1502.3293680412296,144.18844378539632,1502.3293680412296 88.4966969558146,13.345154641246447,13.345154641246447,88.4966969558146
HtoPFourth Pam 0.975791837357692 3.0 82.29016655573753 8.592448165448008 4 1 1 0,0 3,3 1502.3293680643474,144.1884437876151,1502.3293680643474 88.49669695652217,13.345154641275037,13.345154641275037,88.49669695652217
HtoPFourth Pam 0.9758091971494611 3.0 116.04172526602576 8.592448165448008 4 1 1 0,0 3,3 1502.3293680643474,144.1884437876151,1502.3293680643474 88.49669695652217,13.345154641275037,13.345154641275037,88.49669695652217
HtoPFourth Pam 0.9758092089183903 3.0 116.04172526594854 8.592448110713233 4 1 1 0,0 3,3 1502.3293691806412,144.18844389475316,1502.3293691806412 88.49669697461773,13.345154642954135,13.345154642954135,88.49669697461773
HtoPFourth Pam 0.9758137996823273 3.0 99.26962335338067 8.592448110713233 4 1 1 0,0 3,3 1502.3293691806412,144.18844389475316,1502.3293691806412 88.49669697461773,13.345154642954135,13.345154642954135,88.49669697461773
HtoPFourth Pam 0.9827389153790704 3.0 99.27106294846276 8.516242833214909 4 1 1 0,0 3,3 1515.8085361436624,145.48212832192746,1515.8085361436624 88.69322926999264,13.357262335292768,13.357262335292768,88.69322926999264
HtoPFourth Pam 0.9827724289139105 3.0 91.55370203321272 8.516242833214909 4 1 1 0,0 3,3 1515.8085361436624,145.48212832192746,1515.8085361436624 88.69322926999264,13.357262335292768,13.357262335292768,88.69322926999264
HtoPFourth Pam 0.9827724292838433 3.0 91.55370203320903 8.516242838538767 4 1 1 0,0 3,3 1515.808536150882,145.48212832262038,1515.808536150882 88.69322927243859,13.357262335430699,13.357262335430699,88.69322927243859
HtoPFourth Pam 0.9827806971968736 3.0 88.60315360111736 8.516242838538767 4 1 1 0,0 3,3 1515.808536150882,145.48212832262038,1515.808536150882 88.69322927243859,13.357262335430699,13.357262335430699,88.69322927243859
HtoPFourth Pam 0.9827806974586119 3.0 88.60315360111207 8.51624284261393 4 1 1 0,0 3,3 1515.8085361531555,145.48212832283858,1515.8085361531555 88.69322927675897,13.357262335642721,13.357262335642721,88.69322927675897
HtoPFourth Pam 0.9827907388823677 3.0 16.1256019895867 8.51624284261393 4 1 1 0,0 3,3 1515.8085361531555,145.48212832283858,1515.8085361531555 88.69322927675897,13.357262335642721,13.357262335642721,88.69322927675897
HtoPFourth Pam 0.9920879069270311 3.0 16.12785916196252 8.504941891869029 4 1 1 0,0 3,3 1517.7819549527442,145.67153032196248,1517.7819549527442 89.48759242781624,13.397245092431106,13.397245092431106,89.48759242781624
HtoPFourth Pam 0.9920969020117308 3.0 19.321011276648505 8.504941891869029 4 1 1 0,0 3,3 1517.7819549527442,145.67153032196248,1517.7819549527442 89.48759242781624,13.397245092431106,13.397245092431106,89.48759242781624
HtoPFourth Pam 0.9921681336091598 3.0 19.321011276649365 8.504945777829152 4 1 1 0,0 3,3 1517.781963678323,145.67153115941375,1517.781963678323 89.4875924296313,13.39724509265019,13.39724509265019,89.4875924296313
HtoPFourth Pam 0.9922381122529836 3.0 108.00151827952199 8.504945777829152 4 1 1 0,0 3,3 1517.781963678323,145.67153115941375,1517.781963678323 89.4875924296313,13.39724509265019,13.39724509265019,89.4875924296313
HtoPFourth Pam 0.9922381265304263 3.0 108.00151827952368 8.50494571882479 4 1 1 0,0 3,3 1517.7819635727883,145.67153114928487,1517.7819635727883 89.48759243016038,13.397245092674638,13.397245092674638,89.48759243016038
HtoPFourth Pam 0.9922381644505882 3.0 108.92526806890965 8.50494571882479 4 1 1 0,0 3,3 1517.7819635727883,145.67153114928487,1517.7819635727883 89.48759243016038,13.397245092674638,13.397245092674638,89.48759243016038
HtoPFourth Pam 0.9922381644527699 3.0 108.92526806890965 8.5049457188163 4 1 1 0,0 3,3 1517.7819635728472,145.67153114929053,1517.7819635728472 89.48759243016195,13.397245092674783,13.397245092674783,89.48759243016195
HtoPFourth Pam 0.9922419752100641 3.0 104.08493342333531 8.5049457188163 4 1 1 0,0 3,3 1517.7819635728472,145.67153114929053,1517.7819635728472 89.48759243016195,13.397245092674783,13.397245092674783,89.48759243016195
HtoPFourth Pam 0.9922419756140234 3.0 104.08493342333465 8.504945723981747 4 1 1 0,0 3,3 1517.7819636111392,145.67153115296566,1517.7819636111392 89.48759243069357,13.397245092731993,13.397245092731993,89.48759243069357
HtoPFourth Pam 0.9922424059475553 3.0 100.93812718703089 8.504945723981747 4 1 1 0,0 3,3 1517.7819636111392,145.67153115296566,1517.7819636111392 89.48759243069357,13.397245092731993,13.397245092731993,89.48759243069357
HtoPFourth Pam 0.9922424064067334 3.0 100.93812718703137 8.504945731703476 4 1 1 0,0 3,3 1517.7819636736733,145.67153115896747,1517.7819636736733 89.48759243162404,13.3972450928152,13.3972450928152,89.48759243162404

HtoPFourth Pam 0.05268140300592028 3.0 113.97274103015661 110.01315570622683 4 1 1 0,0 3,3 60.73895329693842,5.829517374381162,60.73895329693842 114.76424587517977,89.66674789041281,89.66674789041281,114.76424587517977
HtoPFourth Pam 0.09268381737689269 3.0 82.00705226324499 116.04746692441404 4 1 1 0,0 3,3 68.98172184238365,6.620630158524209,68.98172184238365 82.79855709336698,66.56841719895601,66.56841719895601,82.79855709336698
HtoPFourth Pam 0.10955524493897051 3.0 82.00705226324499 116.04746692441404 4 1 1 0,0 3,3 68.98172184238365,6.620630158524209,68.98172184238365 94.96542186290026,36.69668122753501,36.69668122753501,94.96542186290026
HtoPFourth Pam 0.14728514392572334 3.0 91.34319332847372 116.04746692441404 4 1 1 0,0 3,3 67.1929402934944,6.44894901237005,67.1929402934944 94.96542186290026,36.69668122753501,36.69668122753501,94.96542186290026
HtoPFourth Pam 0.201455857341428 3.0 91.34319332847372 80.80996511131525 4 1 1 0,0 3,3 67.1929402934944,6.44894901237005,67.1929402934944 94.96542186290026,36.69668122753501,36.69668122753501,94.96542186290026
HtoPFourth Pam 0.5753454708952188 3.0 91.38372904768941 80.88174118293576 4 1 1 0,0 3,3 67.01422740779454,6.431796759727171,67.01422740779454 94.9686137395131,36.63386620304641,36.63386620304641,94.9686137395131
HtoPFourth Pam 0.5869198152402418 3.0 30.003603200617363 48.859122104126044 4 1 1 0,0 3,3 41.07509823425234,3.9422476979539334,41.07509823425234 107.72305489794962,28.141598178372078,28.141598178372078,107.72305489794962
HtoPFourth Pam 0.6726020210007458 3.0 29.969321079605383 48.88044992062149 4 1 1 0,0 3,3 41.117927734854526,3.946358327201624,41.117927734854526 107.72359718204447,28.200073774270702,28.200073774270702,107.72359718204447
HtoPFourth Pam 0.738655260305998 3.0 29.969321079605383 48.88044992062149 4 1 1 0,0 3,3 42.4766133070234,4.076760329859755,42.4766133070234 107.72359718204447,28.200073774270702,28.200073774270702,107.72359718204447
HtoPFourth Pam 0.7989493085118174 3.0 29.95057257493408 48.89347083199698 4 1 1 0,0 3,3 42.396929888578164,4.06911258739693,42.396929888578164 107.72236109982077,28.24745510353685,28.24745510353685,107.72236109982077
HtoPFourth Pam 0.8056798636532111 3.0 29.94785129202458 48.89347083199698 4 1 1 0,0 3,3 42.98028316161978,4.125100842972773,42.98028316161978 107.72236109982077,28.246801469900674,28.246801469900674,107.72236109982077
HtoPFourth Pam 0.8364091214353858 3.0 29.941324008724397 48.89072072992224 4 1 1 0,0 3,3 43.01770769237501,4.128692721667145,43.01770769237501 107.71292677321064,28.28653367759407,28.28653367759407,107.71292677321064
HtoPFourth Pam 0.8364091214509488 3.0 29.94132400581175 48.89072073521277 4 1 1 0,0 3,3 43.01770778398083,4.128692730459158,43.01770778398083 107.71292676076173,28.286533673043238,28.286533673043238,107.71292676076173

HtoPFourth Pam 0.09569889303134183 3.0 96.26857824623585 44.114668330643326 4 1 1 0,0 3,3 5.02227552137024,32.974893703267924,5.02227552137024 56.11703845858574,48.6374421864748,48.6374421864748,56.11703845858574
HtoPFourth Pam 0.2950231732927263 3.0 117.9689074754715 86.81499755382538 4 1 1 0,0 3,3 11.156189846657501,73.24850513709768,11.156189846657501 77.81736768782139,47.692560747265816,47.692560747265816,77.81736768782139
HtoPFourth Pam 0.7437216545640034 3.0 120.0 85.45585409714369 4 1 1 0,0 3,3 11.35204379324602,74.5344288269951,11.35204379324602 79.02990310610451,48.34980554464153,48.34980554464153,79.02990310610451
HtoPFourth Pam 0.7512576225816138 3.0 82.33150624613927 90.99557458175696 4 1 1 0,0 3,3 7.37698140391483,48.43525143333988,7.37698140391483 47.862880744898575,42.53279745515894,42.53279745515894,47.862880744898575
HtoPFourth Pam 0.9344988073481172 3.0 82.90921293270421 90.1935718468645 4 1 1 0,0 3,3 7.407877294481602,48.63810543905343,7.407877294481602 48.30543411046405,43.00701390790245,43.00701390790245,48.30543411046405
