
HtoPThird Pam 0.21923726718710823 3.0 22.66711835563183 19.756922349839446 4 1 1 0,0 3,3 9.504470168795011,35.026875170838586,9.504470168795011 75.20596963738899,75.20596963738899,75.20596963738899,75.20596963738899
HtoPThird Pam 0.5454855790651413 3.0 22.649044602813454 19.756922349839446 4 1 1 0,0 3,3 9.567175406263864,35.257963120653024,9.567175406263864 75.02354038645389,75.02354038645389,75.02354038645389,75.02354038645389
HtoPThird Pam 0.5916159515024519 3.0 16.9590186214773 19.756922349839446 4 1 1 0,0 3,3 42.71214564383571,157.40730068859637,42.71214564383571 2.373007315564229,2.373007315564229,2.373007315564229,2.373007315564229
HtoPThird Pam 0.6185011172225554 3.0 16.833902370392313 19.756922349839446 4 1 1 0,0 3,3 42.719274817078016,157.433573869194,42.719274817078016 2.3695647401209032,2.3695647401209032,2.3695647401209032,2.3695647401209032
HtoPThird Pam 0.6280857153512781 3.0 69.77096770142072 19.756922349839446 4 1 1 0,0 3,3 26.82302334286968,98.85103258252428,26.82302334286968 0.7275731617674296,0.7275731617674296,0.7275731617674296,0.7275731617674296
HtoPThird Pam 0.6298977006929514 3.0 69.77096960716743 19.756922349839446 4 1 1 0,0 3,3 26.82143846664104,98.84519182961162,26.82143846664104 0.7354317863986836,0.7354317863986836,0.7354317863986836,0.7354317863986836
HtoPThird Pam 0.6301810387295725 3.0 79.28509608481204 19.756922349839446 4 1 1 0,0 3,3 26.82143846664104,98.84519182961162,26.82143846664104 0.7354317863986836,0.7354317863986836,0.7354317863986836,0.7354317863986836
HtoPThird Pam 0.6301811146152437 3.0 79.28509678945372 19.756922349839446 4 1 1 0,0 3,3 26.821434025435966,98.8451754624146,26.821434025435966 0.7354926188696459,0.7354926188696459,0.7354926188696459,0.7354926188696459
HtoPThird Pam 0.653087870533216 3.0 6.848660234129056 19.756922349839446 4 1 1 0,0 3,3 26.821434025435966,98.8451754624146,26.821434025435966 0.7354926188696459,0.7354926188696459,0.7354926188696459,0.7354926188696459
HtoPThird Pam 0.6561141792391081 3.0 6.725982568394531 19.756922349839446 4 1 1 0,0 3,3 26.820860004485848,98.84306001991143,26.820860004485848 0.7414195097463387,0.7414195097463387,0.7414195097463387,0.7414195097463387
HtoPThird Pam 0.6676487159950704 3.0 0.4272334673919431 19.756922349839446 4 1 1 0,0 3,3 26.820860004485848,98.84306001991143,26.820860004485848 0.7414195097463387,0.7414195097463387,0.7414195097463387,0.7414195097463387
HtoPThird Pam 0.6682076546865666 3.0 0.45778910864987077 19.756922349839446 4 1 1 0,0 3,3 26.821189355957564,98.84427378066636,26.821189355957564 0.7365426895077978,0.7365426895077978,0.7365426895077978,0.7365426895077978
HtoPThird Pam 0.7055909136856808 3.0 3.3879508025657543 19.756922349839446 4 1 1 0,0 3,3 26.821189355957564,98.84427378066636,26.821189355957564 0.7365426895077978,0.7365426895077978,0.7365426895077978,0.7365426895077978
HtoPThird Pam 0.7455035944316233 3.0 3.2751607418680537 19.756922349839446 4 1 1 0,0 3,3 26.82111940444382,98.8440159879755,26.82111940444382 0.7345135268111058,0.7345135268111058,0.7345135268111058,0.7345135268111058
HtoPThird Pam 0.7557562894245685 3.0 3.284766188751135 19.756922349839446 4 1 1 0,0 3,3 18.463438672265422,68.04341011255615,18.463438672265422 0.7345135268111058,0.7345135268111058,0.7345135268111058,0.7345135268111058
HtoPThird Pam 0.7854504587514194 3.0 3.322976383275291 19.756922349839446 4 1 1 0,0 3,3 18.465941359111703,68.05263327788778,18.465941359111703 0.7208665286041165,0.7208665286041165,0.7208665286041165,0.7208665286041165
HtoPThird Pam 0.7934458461836001 3.0 5.515889243625423 19.756922349839446 4 1 1 0,0 3,3 18.465941359111703,68.05263327788778,18.465941359111703 0.7208665286041165,0.7208665286041165,0.7208665286041165,0.7208665286041165
HtoPThird Pam 0.8208208606441436 3.0 5.507280769042902 19.756922349839446 4 1 1 0,0 3,3 18.46374831847821,68.04455125341406,18.46374831847821 0.742744404436056,0.742744404436056,0.742744404436056,0.742744404436056
HtoPThird Pam 0.8208208606491014 3.0 5.507280767808489 19.756922349839446 4 1 1 0,0 3,3 18.463748368976095,68.04455143951418,18.463748368976095 0.7427445102869574,0.7427445102869574,0.7427445102869574,0.7427445102869574
HtoPThird Pam 0.8617620922208266 3.0 3.2615628126445415 19.756922349839446 4 1 1 0,0 3,3 33.8408086714045,124.713714700816,33.8408086714045 1.3575352243707983,1.3575352243707983,1.3575352243707983,1.3575352243707983
HtoPThird Pam 0.8715025193808483 3.0 3.287316267698771 19.756922349839446 4 1 1 0,0 3,3 33.84253338506304,124.72007079736323,33.84253338506304 1.3577872318631152,1.3577872318631152,1.3577872318631152,1.3577872318631152
HtoPThird Pam 0.8724289109154363 3.0 3.289968972309836 19.756922349839446 4 1 1 0,0 3,3 33.68593270879315,124.14294948055554,33.68593270879315 1.4831446392591006,1.4831446392591006,1.4831446392591006,1.4831446392591006
HtoPThird Pam 0.8867475586250809 3.0 3.289968972309836 19.756922349839446 4 1 1 0,0 3,3 33.68300155478421,124.13214728287863,33.68300155478421 1.4831446392591006,1.4831446392591006,1.4831446392591006,1.4831446392591006
HtoPThird Pam 0.8979802574518774 3.0 3.2904667689259743 19.756922349839446 4 1 1 0,0 3,3 33.681115658641346,124.12519717965266,33.681115658641346 1.4734784707046105,1.4734784707046105,1.4734784707046105,1.4734784707046105
HtoPThird Pam 0.8979802574590643 3.0 3.2904667617296393 19.756922349839446 4 1 1 0,0 3,3 33.681115722111954,124.12519741356121,33.681115722111954 1.4734787047196,1.4734787047196,1.4734787047196,1.4734787047196
HtoPThird Pam 0.8979802574626684 3.0 3.290466714421768 19.756922349839446 4 1 1 0,0 3,3 33.681115598652525,124.12519695857554,33.681115598652525 1.4734787933241777,1.4734787933241777,1.4734787933241777,1.4734787933241777

HtoPThird Pam 0.04441479252793079 3.0 83.13690821826458 60.45461327955127 4 1 1 0,0 3,3 37.92670298616678,139.77148305431086,37.92670298616678 27.6846865041718,27.6846865041718,27.6846865041718,27.6846865041718
HtoPThird Pam 0.06790384617928102 3.0 4.965741738677025 95.166528865695 4 1 1 0,0 3,3 3.009219702891987,11.089893599843748,3.009219702891987 11.696602090090044,11.696602090090044,11.696602090090044,11.696602090090044
HtoPThird Pam 0.16454713076447802 3.0 85.41776812821627 24.494415521621704 4 1 1 0,0 3,3 16.10939510874085,59.36804067249981,16.10939510874085 59.61012278315298,59.61012278315298,59.61012278315298,59.61012278315298
HtoPThird Pam 0.43562195835738393 3.0 83.30545066784097 25.301321871524188 4 1 1 0,0 3,3 15.684865138725216,57.80351808450345,15.684865138725216 57.88507932604365,57.88507932604365,57.88507932604365,57.88507932604365
HtoPThird Pam 0.45925706402246447 3.0 57.78812372684479 11.842423004331067 4 1 1 0,0 3,3 2.606297659429516,9.605002820105684,2.606297659429516 11.998310189189572,11.998310189189572,11.998310189189572,11.998310189189572
HtoPThird Pam 0.5691667495159481 3.0 39.81109721528237 14.363535340909513 4 1 1 0,0 3,3 2.0776276196933905,7.6566922715391215,2.0776276196933905 9.085035208860882,9.085035208860882,9.085035208860882,9.085035208860882
HtoPThird Pam 0.682704911579278 3.0 88.66863139625639 78.8983247820288 4 1 1 0,0 3,3 2.291023187109712,8.44312010698462,2.291023187109712 18.553449814399478,18.553449814399478,18.553449814399478,18.553449814399478
HtoPThird Pam 0.8954352218938427 3.0 88.4817428407782 78.58641573873841 4 1 1 0,0 3,3 2.2693794473500963,8.36335631612343,2.2693794473500963 18.62700024733601,18.62700024733601,18.62700024733601,18.62700024733601
HtoPThird Pam 0.9100939860024593 3.0 94.66880771865038 78.58641573873841 4 1 1 0,0 3,3 2.2693794473500963,8.36335631612343,2.2693794473500963 18.62700024733601,18.62700024733601,18.62700024733601,18.62700024733601
HtoPThird Pam 0.9299890052123976 3.0 90.6415880739427 81.240469744171 4 1 1 0,0 3,3 2.1923270381837363,8.079394657077618,2.1923270381837363 18.01901814423536,18.01901814423536,18.01901814423536,18.01901814423536
HtoPThird Pam 0.9304267889923372 3.0 90.63947853954983 81.10038772105275 4 1 1 0,0 3,3 2.1915304149372696,8.07645885713121,2.1915304149372696 18.022291819492615,18.022291819492615,18.022291819492615,18.022291819492615
HtoPThird Pam 0.9471177339138828 3.0 85.00536172676121 84.83359404561222 4 1 1 0,0 3,3 2.098601265906445,7.733986563039341,2.098601265906445 17.23528778247716,17.23528778247716,17.23528778247716,17.23528778247716
HtoPThird Pam 0.9471177339607506 3.0 85.00536172393714 84.83359402914095 4 1 1 0,0 3,3 2.0986012668275844,7.733986566434022,2.0986012668275844 17.23528771784444,17.23528771784444,17.23528771784444,17.23528771784444
HtoPThird Pam 0.9471177339609289 3.0 85.00536172378806 84.83359402902337 4 1 1 0,0 3,3 2.098601266960662,7.733986566924454,2.098601266960662 17.23528771766342,17.23528771766342,17.23528771766342,17.23528771766342

HtoPThird Pam 0.12051245103570096 3.0 51.411060467362404 71.2057855129242 4 1 1 0,0 3,3 17.279695660727857,63.680955608189436,17.279695660727857 37.65543253808102,37.65543253808102,37.65543253808102,37.65543253808102
HtoPThird Pam 0.13762307262169704 3.0 1.650873839855194 76.10451077669859 4 1 1 0,0 3,3 41.64636961504796,153.4795905419556,41.64636961504796 24.66330446268862,24.66330446268862,24.66330446268862,24.66330446268862
HtoPThird Pam 0.6348999409497693 3.0 1.676751555409277 74.95608538707964 4 1 1 0,0 3,3 42.25384882627854,155.71833695524995,42.25384882627854 24.944437717690114,24.944437717690114,24.944437717690114,24.944437717690114
HtoPThird Pam 0.7771508614486237 3.0 31.44721463182941 56.912552144378424 4 1 1 0,0 3,3 19.878943470182428,73.25997757816249,19.878943470182428 0.27374799384094783,0.27374799384094783,0.27374799384094783,0.27374799384094783
HtoPThird Pam 0.816585818334197 3.0 31.44718202823239 56.90182267459049 4 1 1 0,0 3,3 19.879186351506576,73.26087267001623,19.879186351506576 0.28462375465017314,0.28462375465017314,0.28462375465017314,0.28462375465017314
HtoPThird Pam 0.8165874612971987 3.0 31.366700318937546 56.90182267459049 4 1 1 0,0 3,3 19.879186351506576,73.26087267001623,19.879186351506576 0.28462375465017314,0.28462375465017314,0.28462375465017314,0.28462375465017314
HtoPThird Pam 0.8165874613941837 3.0 31.366700306337012 56.90182235427261 4 1 1 0,0 3,3 19.879186254169724,73.26087231130022,19.879186254169724 0.28462355954589746,0.28462355954589746,0.28462355954589746,0.28462355954589746
HtoPThird Pam 0.8168669604184478 3.0 15.792173813988484 56.90182235427261 4 1 1 0,0 3,3 19.879186254169724,73.26087231130022,19.879186254169724 0.28462355954589746,0.28462355954589746,0.28462355954589746,0.28462355954589746
HtoPThird Pam 0.816893838219191 3.0 15.792404445201534 56.89664371214198 4 1 1 0,0 3,3 19.880985070626192,73.26750149928827,19.880985070626192 0.28506529119819013,0.28506529119819013,0.28506529119819013,0.28506529119819013
HtoPThird Pam 0.8169686107578393 3.0 10.099512959212007 56.89664371214198 4 1 1 0,0 3,3 19.880985070626192,73.26750149928827,19.880985070626192 0.28506529119819013,0.28506529119819013,0.28506529119819013,0.28506529119819013
HtoPThird Pam 0.8170184027659947 3.0 10.087204595977811 56.89031947531782 4 1 1 0,0 3,3 19.883186892249615,73.27561588439154,19.883186892249615 0.2848866437498591,0.2848866437498591,0.2848866437498591,0.2848866437498591
HtoPThird Pam 0.8176564181811554 3.0 3.118642454543533 56.89031947531782 4 1 1 0,0 3,3 19.883186892249615,73.27561588439154,19.883186892249615 0.2848866437498591,0.2848866437498591,0.2848866437498591,0.2848866437498591
HtoPThird Pam 0.8269729561142138 3.0 3.105427094439478 57.00979245357448 4 1 1 0,0 3,3 19.841536895506938,73.12212292677658,19.841536895506938 0.2824659790212873,0.2824659790212873,0.2824659790212873,0.2824659790212873
HtoPThird Pam 0.8487636364245167 3.0 3.1055734485193653 64.40137837156658 4 1 1 0,0 3,3 19.841536895506938,73.12212292677658,19.841536895506938 0.28036662087237685,0.28036662087237685,0.28036662087237685,0.28036662087237685
HtoPThird Pam 0.9067659874628459 3.0 3.111593006443149 64.1480712162882 4 1 1 0,0 3,3 19.9211835337332,73.41564511216757,19.9211835337332 0.28614537364476633,0.28614537364476633,0.28614537364476633,0.28614537364476633
HtoPThird Pam 0.9190760431250536 3.0 3.4794212908715423 64.1480712162882 4 1 1 0,0 3,3 19.9211835337332,73.41564511216757,19.9211835337332 0.28614537364476633,0.28614537364476633,0.28614537364476633,0.28614537364476633
HtoPThird Pam 0.925493166228655 3.0 3.5159483523115522 64.0972162357598 4 1 1 0,0 3,3 19.9369647917121,73.47380386730582,19.9369647917121 0.28733252312478497,0.28733252312478497,0.28733252312478497,0.28733252312478497
HtoPThird Pam 0.9292572789753024 3.0 2.745017335734701 64.0972162357598 4 1 1 0,0 3,3 19.9369647917121,73.47380386730582,19.9369647917121 0.28733252312478497,0.28733252312478497,0.28733252312478497,0.28733252312478497
HtoPThird Pam 0.9327713601858777 3.0 2.745575209242907 64.03429590341561 4 1 1 0,0 3,3 19.956479570568685,73.54572178706954,19.956479570568685 0.29040646987552005,0.29040646987552005,0.29040646987552005,0.29040646987552005
HtoPThird Pam 0.9328977301766503 3.0 2.777796993216171 64.03429590341561 4 1 1 0,0 3,3 19.956479570568685,73.54572178706954,19.956479570568685 0.29040646987552005,0.29040646987552005,0.29040646987552005,0.29040646987552005
HtoPThird Pam 0.9356854344224269 3.0 2.8260580507388795 64.01947309405467 4 1 1 0,0 3,3 19.96109594356385,73.56273453136481,19.96109594356385 0.29069950675245537,0.29069950675245537,0.29069950675245537,0.29069950675245537
HtoPThird Pam 0.9406825395842708 3.0 2.9157153844217873 64.01947309405467 4 1 1 0,0 3,3 19.96109594356385,73.56273453136481,19.96109594356385 0.29069950675245537,0.29069950675245537,0.29069950675245537,0.29069950675245537
HtoPThird Pam 0.9434483522611634 3.0 2.924911685806996 63.96540112191765 4 1 1 0,0 3,3 19.97795774433034,73.62487541666555,19.97795774433034 0.2916616805635825,0.2916616805635825,0.2916616805635825,0.2916616805635825
HtoPThird Pam 0.9434483547440009 3.0 2.924911678297159 63.965400508801196 4 1 1 0,0 3,3 19.977957322945834,73.62487386373495,19.977957322945834 0.29166170723657686,0.29166170723657686,0.29166170723657686,0.29166170723657686
HtoPThird Pam 0.9434483547588866 3.0 2.9249116655213325 63.965400559912254 4 1 1 0,0 3,3 19.97795733694942,73.62487391534245,19.97795733694942 0.2916617960859399,0.2916617960859399,0.2916617960859399,0.2916617960859399
HtoPThird Pam 0.9434483547818587 3.0 2.9249116495456504 63.96540051799177 4 1 1 0,0 3,3 19.977957273935164,73.62487368311567,19.977957273935164 0.2916620492641338,0.2916620492641338,0.2916620492641338,0.2916620492641338
HtoPThird Pam 0.9531324850014314 3.0 73.1473206420198 102.13257019651215 4 1 1 0,0 3,3 1.1021651230118727,4.061815071831959,1.1021651230118727 11.12408514641518,11.12408514641518,11.12408514641518,11.12408514641518
HtoPThird Pam 0.9531324909461951 3.0 73.14732067511846 102.13257016274633 4 1 1 0,0 3,3 1.1021651288782104,4.061815093451205,1.1021651288782104 11.12408456605261,11.12408456605261,11.12408456605261,11.12408456605261
HtoPThird Pam 0.9531324910681228 3.0 73.14732088463981 102.13257037022089 4 1 1 0,0 3,3 1.1021651301600566,4.0618150981752,1.1021651301600566 11.12408463201045,11.12408463201045,11.12408463201045,11.12408463201045
HtoPThird Pam 0.9531324912061216 3.0 73.14732090328295 102.13257038032152 4 1 1 0,0 3,3 1.1021651324080002,4.061815106459559,1.1021651324080002 11.12408454374139,11.12408454374139,11.12408454374139,11.12408454374139
HtoPThird Pam 0.9531324914948446 3.0 73.14732140781274 102.13257082291133 4 1 1 0,0 3,3 1.1021650694420753,4.061814874410896,1.1021650694420753 11.124084615917877,11.124084615917877,11.124084615917877,11.124084615917877
HtoPThird Pam 0.9531324917838808 3.0 73.1473214267547 102.13257082632352 4 1 1 0,0 3,3 1.1021650715497502,4.0618148821783215,1.1021650715497502 11.124084497735508,11.124084497735508,11.124084497735508,11.124084497735508
HtoPThird Pam 0.953137471044322 3.0 73.1688828549486 102.1197160264065 4 1 1 0,0 3,3 1.1023047568852682,4.062329665298631,1.1023047568852682 11.125468703238127,11.125468703238127,11.125468703238127,11.125468703238127
HtoPThird Pam 0.9531375095976986 3.0 73.17026202916915 102.11971531912913 4 1 1 0,0 3,3 1.1023050240414656,4.062330649850806,1.1023050240414656 11.12546423556365,11.12546423556365,11.12546423556365,11.12546423556365
HtoPThird Pam 0.9531375096916251 3.0 73.17026202797494 102.11971522551524 4 1 1 0,0 3,3 1.1023051119840312,4.062330973946018,1.1023051119840312 11.1254643188798,11.1254643188798,11.1254643188798,11.1254643188798
HtoPThird Pam 0.9531375097559716 3.0 73.17026202798753 102.11971521025049 4 1 1 0,0 3,3 1.1023051203640934,4.062331004829106,1.1023051203640934 11.125464257765636,11.125464257765636,11.125464257765636,11.125464257765636
HtoPThird Pam 0.9531375098177013 3.0 73.17026202206755 102.11971514626362 4 1 1 0,0 3,3 1.1023051811267177,4.062331228757934,1.1023051811267177 11.125464324481982,11.125464324481982,11.125464324481982,11.125464324481982
HtoPThird Pam 0.9531375098642807 3.0 73.17026202044073 102.11971513035994 4 1 1 0,0 3,3 1.1023051881557806,4.062331254662177,1.1023051881557806 11.125464272299524,11.125464272299524,11.125464272299524,11.125464272299524
HtoPThird Pam 0.953137509962116 3.0 73.17026198936874 102.11971500380433 4 1 1 0,0 3,3 1.1023052792661734,4.062331590431799,1.1023052792661734 11.125464357099908,11.125464357099908,11.125464357099908,11.125464357099908
HtoPThird Pam 0.9531375100227581 3.0 73.17026198823022 102.11971498688604 4 1 1 0,0 3,3 1.1023052860251619,4.062331615340735,1.1023052860251619 11.1254642989486,11.1254642989486,11.1254642989486,11.1254642989486
HtoPThird Pam 0.9531375103316739 3.0 73.17026180863469 102.11971447011415 4 1 1 0,0 3,3 1.1023056792375792,4.062333064448577,1.1023056792375792 11.125464510992712,11.125464510992712,11.125464510992712,11.125464510992712
HtoPThird Pam 0.9531375105599472 3.0 73.1702618069462 102.11971445029653 4 1 1 0,0 3,3 1.102305684529398,4.062333083950546,1.102305684529398 11.125464405163322,11.125464405163322,11.125464405163322,11.125464405163322
HtoPThird Pam 0.9531375105716312 3.0 73.17026180697223 102.11971440377481 4 1 1 0,0 3,3 1.1023057025269558,4.062333150277042,1.1023057025269558 11.125464380513884,11.125464380513884,11.125464380513884,11.125464380513884
HtoPThird Pam 0.9531375105925768 3.0 73.17026180441873 102.11971439959744 4 1 1 0,0 3,3 1.1023057069769386,4.062333166676589,1.1023057069769386 11.125464411753972,11.125464411753972,11.125464411753972,11.125464411753972
HtoPThird Pam 0.9531375105986918 3.0 73.17026180281418 102.11971436384859 4 1 1 0,0 3,3 1.102305719021066,4.062333211062876,1.102305719021066 11.125464388746915,11.125464388746915,11.125464388746915,11.125464388746915
HtoPThird Pam 0.9531426961995088 3.0 73.19685001862257 102.09876996455449 4 1 1 0,0 3,3 1.102524723565397,4.063140309691194,1.102524723565397 11.12774797571959,11.12774797571959,11.12774797571959,11.12774797571959
HtoPThird Pam 0.9531426962445938 3.0 73.19685001855007 102.0987699693229 4 1 1 0,0 3,3 1.1025247247479337,4.063140314049203,1.1025247247479337 11.127748020277476,11.127748020277476,11.127748020277476,11.127748020277476
HtoPThird Pam 0.9531426962607239 3.0 73.1968500742411 102.09876992520404 4 1 1 0,0 3,3 1.102524750544137,4.06314040911609,1.102524750544137 11.12774804790341,11.12774804790341,11.12774804790341,11.12774804790341
HtoPThird Pam 0.9531426962658935 3.0 73.19685007823783 102.09876992139336 4 1 1 0,0 3,3 1.1025247535211153,4.063140420087165,1.1025247535211153 11.12774802537584,11.12774802537584,11.12774802537584,11.12774802537584
HtoPThird Pam 0.9531426962914972 3.0 73.19685024644774 102.09876982213304 4 1 1 0,0 3,3 1.1025247851726903,4.0631405367328846,1.1025247851726903 11.127748074449308,11.127748074449308,11.127748074449308,11.127748074449308
HtoPThird Pam 0.953142696306272 3.0 73.19685025038422 102.09876981634703 4 1 1 0,0 3,3 1.102524787550401,4.063140545495474,1.102524787550401 11.127748041154682,11.127748041154682,11.127748041154682,11.127748041154682
HtoPThird Pam 0.9531426963097955 3.0 73.19685026000111 102.0987698111407 4 1 1 0,0 3,3 1.1025247954575086,4.063140574635581,1.1025247954575086 11.127748055493312,11.127748055493312,11.127748055493312,11.127748055493312
HtoPThird Pam 0.9531426963110325 3.0 73.19685026418732 102.098769811025 4 1 1 0,0 3,3 1.1025247978241337,4.063140583357318,1.1025247978241337 11.127748042125532,11.127748042125532,11.127748042125532,11.127748042125532
HtoPThird Pam 0.9531426963251652 3.0 73.19685032792523 102.09876976183331 4 1 1 0,0 3,3 1.1025248389727174,4.063140735002414,1.1025248389727174 11.127748082258092,11.127748082258092,11.127748082258092,11.127748082258092
HtoPThird Pam 0.9531426963363943 3.0 73.19685033233596 102.09876975577433 4 1 1 0,0 3,3 1.1025248417125204,4.0631407450994255,1.1025248417125204 11.127748051857694,11.127748051857694,11.127748051857694,11.127748051857694
HtoPThird Pam 0.9531426963420963 3.0 73.19685033974974 102.09876975432142 4 1 1 0,0 3,3 1.1025248559469034,4.063140797557474,1.1025248559469034 11.12774806691655,11.12774806691655,11.12774806691655,11.12774806691655
HtoPThird Pam 0.9531426963427435 3.0 73.1968503451162 102.0987697452449 4 1 1 0,0 3,3 1.102524856224202,4.063140798579404,1.102524856224202 11.127748050331174,11.127748050331174,11.127748050331174,11.127748050331174
HtoPThird Pam 0.9531426963450561 3.0 73.1968503491236 102.09876973884927 4 1 1 0,0 3,3 1.1025248563834364,4.063140799166232,1.1025248563834364 11.127748060585922,11.127748060585922,11.127748060585922,11.127748060585922
HtoPThird Pam 0.9531426963454817 3.0 73.19685035132711 102.0987697387946 4 1 1 0,0 3,3 1.1025248572021173,4.06314080218332,1.1025248572021173 11.127748058036769,11.127748058036769,11.127748058036769,11.127748058036769
