
HtoPFirst Pam 0.15519465822949963 3.0 18.384606594219804 19.756922349839446 4 1 1 0,0 3,3 0.44667982909520254,1.6461515831168911,0.44667982909520254 3.8535570917124375,3.8535570917124375,3.8535570917124375,3.8535570917124375
HtoPFirst Pam 0.2426891714933066 3.0 20.0 19.756922349839446 4 1 1 0,0 3,3 0.44667982909520254,1.6461515831168911,0.44667982909520254 3.8709506625019166,3.8709506625019166,3.8709506625019166,3.8709506625019166
HtoPFirst Pam 0.6747577718424809 3.0 18.95492397248745 19.756922349839446 4 1 1 0,0 3,3 0.44667982909520254,1.6461515831168911,0.44667982909520254 0.6752473972790781,0.6752473972790781,0.6752473972790781,0.6752473972790781
HtoPFirst Pam 0.9337152381676957 3.0 18.954803524401896 19.756922349839446 4 1 1 0,0 3,3 0.44667982909520254,1.6461515831168911,0.44667982909520254 0.1,0.1,0.1,0.1
HtoPFirst Pam 0.9338639170558556 3.0 0.12350405119972052 19.756922349839446 4 1 1 0,0 3,3 0.44667982909520254,1.6461515831168911,0.44667982909520254 0.10062491944134636,0.10062491944134636,0.10062491944134636,0.10062491944134636
HtoPFirst Pam 0.9352955883864661 3.0 0.0 19.756922349839446 4 1 1 0,0 3,3 0.44667982909520254,1.6461515831168911,0.44667982909520254 0.1,0.1,0.1,0.1

HtoPFirst Pam 2.448098799379128e-05 3.0 99.98617631196976 19.756922349839446 4 1 1 0,0 3,3 0.44667982909520254,1.6461515831168911,0.44667982909520254 28.59160227328539,28.59160227328539,28.59160227328539,28.59160227328539
HtoPFirst Pam 0.00031094809377896215 3.0 8.475097835063934 19.756922349839446 4 1 1 0,0 3,3 0.44667982909520254,1.6461515831168911,0.44667982909520254 89.93974309251644,89.93974309251644,89.93974309251644,89.93974309251644
HtoPFirst Pam 0.004459965594308057 3.0 8.475097835063934 19.756922349839446 4 1 1 0,0 3,3 0.44667982909520254,1.6461515831168911,0.44667982909520254 23.779461339116096,23.779461339116096,23.779461339116096,23.779461339116096
HtoPFirst Pam 0.005868975368226503 3.0 8.621338362465421 19.756922349839446 4 1 1 0,0 3,3 0.44667982909520254,1.6461515831168911,0.44667982909520254 23.763117898684374,23.763117898684374,23.763117898684374,23.763117898684374
HtoPFirst Pam 0.014025004767138083 3.0 75.29922427237034 19.756922349839446 4 1 1 0,0 3,3 0.44667982909520254,1.6461515831168911,0.44667982909520254 6.228940322995186,6.228940322995186,6.228940322995186,6.228940322995186
HtoPFirst Pam 0.016711256183032264 3.0 80.31357122957706 19.756922349839446 4 1 1 0,0 3,3 0.44667982909520254,1.6461515831168911,0.44667982909520254 6.228940322995186,6.228940322995186,6.228940322995186,6.228940322995186
HtoPFirst Pam 0.027468176478186446 3.0 100.0 19.756922349839446 4 1 1 0,0 3,3 0.44667982909520254,1.6461515831168911,0.44667982909520254 6.388687009495753,6.388687009495753,6.388687009495753,6.388687009495753
HtoPFirst Pam 0.09757110962863436 3.0 19.079623751342297 19.756922349839446 4 1 1 0,0 3,3 0.44667982909520254,1.6461515831168911,0.44667982909520254 3.942002395167947,3.942002395167947,3.942002395167947,3.942002395167947
HtoPFirst Pam 0.10160599458131603 3.0 57.43772133439779 19.756922349839446 4 1 1 0,0 3,3 0.44667982909520254,1.6461515831168911,0.44667982909520254 3.942002395167947,3.942002395167947,3.942002395167947,3.942002395167947
HtoPFirst Pam 0.29313832168913656 3.0 22.467195192229205 19.756922349839446 4 1 1 0,0 3,3 0.44667982909520254,1.6461515831168911,0.44667982909520254 3.8788002367076526,3.8788002367076526,3.8788002367076526,3.8788002367076526
HtoPFirst Pam 0.37308040650646435 3.0 51.04691649166671 19.756922349839446 4 1 1 0,0 3,3 0.44667982909520254,1.6461515831168911,0.44667982909520254 1.335747865960002,1.335747865960002,1.335747865960002,1.335747865960002
HtoPFirst Pam 0.3772881479337613 3.0 80.97222810440144 19.756922349839446 4 1 1 0,0 3,3 0.44667982909520254,1.6461515831168911,0.44667982909520254 1.335747865960002,1.335747865960002,1.335747865960002,1.335747865960002
HtoPFirst Pam 0.41235538463991994 3.0 80.97223253113097 19.756922349839446 4 1 1 0,0 3,3 0.44667982909520254,1.6461515831168911,0.44667982909520254 1.3676820959492555,1.3676820959492555,1.3676820959492555,1.3676820959492555
HtoPFirst Pam 0.41323709647905993 3.0 87.5710045043379 19.756922349839446 4 1 1 0,0 3,3 0.44667982909520254,1.6461515831168911,0.44667982909520254 1.3676820959492555,1.3676820959492555,1.3676820959492555,1.3676820959492555
HtoPFirst Pam 0.414538658788719 3.0 100.0 19.756922349839446 4 1 1 0,0 3,3 0.44667982909520254,1.6461515831168911,0.44667982909520254 1.3684496106081554,1.3684496106081554,1.3684496106081554,1.3684496106081554
HtoPFirst Pam 0.420828051364883 3.0 59.37362166061939 19.756922349839446 4 1 1 0,0 3,3 0.44667982909520254,1.6461515831168911,0.44667982909520254 1.1287963017821312,1.1287963017821312,1.1287963017821312,1.1287963017821312
HtoPFirst Pam 0.5746778272749345 3.0 59.37360253821902 19.756922349839446 4 1 1 0,0 3,3 0.44667982909520254,1.6461515831168911,0.44667982909520254 1.200818377106024,1.200818377106024,1.200818377106024,1.200818377106024
HtoPFirst Pam 0.576665293900606 3.0 49.53897818806581 19.756922349839446 4 1 1 0,0 3,3 0.44667982909520254,1.6461515831168911,0.44667982909520254 1.200818377106024,1.200818377106024,1.200818377106024,1.200818377106024
HtoPFirst Pam 0.5767039227717244 3.0 49.538969143181205 19.756922349839446 4 1 1 0,0 3,3 0.44667982909520254,1.6461515831168911,0.44667982909520254 1.1998440355174245,1.1998440355174245,1.1998440355174245,1.1998440355174245
HtoPFirst Pam 0.5884330852035299 3.0 23.23320608586073 19.756922349839446 4 1 1 0,0 3,3 0.44667982909520254,1.6461515831168911,0.44667982909520254 1.1998440355174245,1.1998440355174245,1.1998440355174245,1.1998440355174245
HtoPFirst Pam 0.599435710011721 3.0 13.836117886570397 19.756922349839446 4 1 1 0,0 3,3 0.44667982909520254,1.6461515831168911,0.44667982909520254 1.1878494923430702,1.1878494923430702,1.1878494923430702,1.1878494923430702
HtoPFirst Pam 0.5994357101792287 3.0 13.836715839157591 19.756922349839446 4 1 1 0,0 3,3 0.44667982909520254,1.6461515831168911,0.44667982909520254 1.1878494923430702,1.1878494923430702,1.1878494923430702,1.1878494923430702
HtoPFirst Pam 0.59943571018169 3.0 13.836715831813702 19.756922349839446 4 1 1 0,0 3,3 0.44667982909520254,1.6461515831168911,0.44667982909520254 1.1878496597021402,1.1878496597021402,1.1878496597021402,1.1878496597021402
HtoPFirst Pam 0.6049175532945501 3.0 5.71736097690183 19.756922349839446 4 1 1 0,0 3,3 0.44667982909520254,1.6461515831168911,0.44667982909520254 1.0098379635460333,1.0098379635460333,1.0098379635460333,1.0098379635460333
HtoPFirst Pam 0.6095799219484817 3.0 5.577907253631692 19.756922349839446 4 1 1 0,0 3,3 0.44667982909520254,1.6461515831168911,0.44667982909520254 1.0182290476682503,1.0182290476682503,1.0182290476682503,1.0182290476682503
HtoPFirst Pam 0.6095799219485404 3.0 5.577898102386646 19.756922349839446 4 1 1 0,0 3,3 0.44667982909520254,1.6461515831168911,0.44667982909520254 1.018228882702232,1.018228882702232,1.018228882702232,1.018228882702232
HtoPFirst Pam 0.6095799219493603 3.0 5.577903246513023 19.756922349839446 4 1 1 0,0 3,3 0.44667982909520254,1.6461515831168911,0.44667982909520254 1.0182288370978583,1.0182288370978583,1.0182288370978583,1.0182288370978583
HtoPFirst Pam 0.6095799219495702 3.0 5.577901569985378 19.756922349839446 4 1 1 0,0 3,3 0.44667982909520254,1.6461515831168911,0.44667982909520254 1.0182288713129177,1.0182288713129177,1.0182288713129177,1.0182288713129177
HtoPFirst Pam 0.6095799219495934 3.0 5.577902019718056 19.756922349839446 4 1 1 0,0 3,3 0.44667982909520254,1.6461515831168911,0.44667982909520254 1.018228922431197,1.018228922431197,1.018228922431197,1.018228922431197
HtoPFirst Pam 0.6095799219496111 3.0 5.577902374348129 19.756922349839446 4 1 1 0,0 3,3 0.44667982909520254,1.6461515831168911,0.44667982909520254 1.018228883328393,1.018228883328393,1.018228883328393,1.018228883328393

HtoPFirst Pam 0.042348870911933734 3.0 83.86782486736774 19.756922349839446 4 1 1 0,0 3,3 0.44667982909520254,1.6461515831168911,0.44667982909520254 5.795860441371081,5.795860441371081,5.795860441371081,5.795860441371081
HtoPFirst Pam 0.05834317076272144 3.0 100.0 19.756922349839446 4 1 1 0,0 3,3 0.44667982909520254,1.6461515831168911,0.44667982909520254 5.819017802217382,5.819017802217382,5.819017802217382,5.819017802217382
HtoPFirst Pam 0.06153200031601058 3.0 1.5271717011928558 19.756922349839446 4 1 1 0,0 3,3 0.44667982909520254,1.6461515831168911,0.44667982909520254 51.5243186429668,51.5243186429668,51.5243186429668,51.5243186429668
HtoPFirst Pam 0.15954669221250395 3.0 1.780097343216408 19.756922349839446 4 1 1 0,0 3,3 0.44667982909520254,1.6461515831168911,0.44667982909520254 51.11540318552616,51.11540318552616,51.11540318552616,51.11540318552616
HtoPFirst Pam 0.5860939995898119 3.0 26.495768446475267 19.756922349839446 4 1 1 0,0 3,3 0.44667982909520254,1.6461515831168911,0.44667982909520254 0.7997299596395407,0.7997299596395407,0.7997299596395407,0.7997299596395407
HtoPFirst Pam 0.933715867429399 3.0 26.496145844557027 19.756922349839446 4 1 1 0,0 3,3 0.44667982909520254,1.6461515831168911,0.44667982909520254 0.1,0.1,0.1,0.1
HtoPFirst Pam 0.9337468422520026 3.0 1.1270666521583905 19.756922349839446 4 1 1 0,0 3,3 0.44667982909520254,1.6461515831168911,0.44667982909520254 0.10016682009305669,0.10016682009305669,0.10016682009305669,0.10016682009305669
HtoPFirst Pam 0.9338697434703284 3.0 1.1180794686793103 19.756922349839446 4 1 1 0,0 3,3 0.44667982909520254,1.6461515831168911,0.44667982909520254 0.1,0.1,0.1,0.1
HtoPFirst Pam 0.93423461279013 3.0 0.12703575726479244 19.756922349839446 4 1 1 0,0 3,3 0.44667982909520254,1.6461515831168911,0.44667982909520254 0.10009106030854867,0.10009106030854867,0.10009106030854867,0.10009106030854867
HtoPFirst Pam 0.9352955883864661 3.0 0.0 19.756922349839446 4 1 1 0,0 3,3 0.44667982909520254,1.6461515831168911,0.44667982909520254 0.1,0.1,0.1,0.1
HtoPFirst Pam 0.9352955883864663 3.0 0.0 19.756922349839446 4 1 1 0,0 3,3 0.44667982909520254,1.6461515831168911,0.44667982909520254 0.10000000000000002,0.10000000000000002,0.10000000000000002,0.10000000000000002

HtoPFirst Pam 0.05158407243154517 3.0 55.36765879392624 59.070787601172924 4 1 1 0,0 3,3 0.44667982909520254,1.6461515831168911,0.44667982909520254 2.8195435505500996,2.8195435505500996,2.8195435505500996,2.8195435505500996
HtoPFirst Pam 0.4710189703875274 3.0 44.8499994120426 64.32348589900852 4 1 1 0,0 3,3 0.44667982909520254,1.6461515831168911,0.44667982909520254 4.879931729328889,4.879931729328889,4.879931729328889,4.879931729328889
HtoPFirst Pam 0.7529406602657168 3.0 91.08348455280066 20.877489641308784 4 1 1 0,0 3,3 0.44667982909520254,1.6461515831168911,0.44667982909520254 0.42167341754507104,0.42167341754507104,0.42167341754507104,0.42167341754507104
HtoPFirst Pam 0.9525044079262511 3.0 91.08350424991171 19.456403269604458 4 1 1 0,0 3,3 0.44667982909520254,1.6461515831168911,0.44667982909520254 0.1,0.1,0.1,0.1
HtoPFirst Pam 0.9525059563120745 3.0 7.9621946450892125 19.4505771414982 4 1 1 0,0 3,3 0.44667982909520254,1.6461515831168911,0.44667982909520254 0.1000021165973152,0.1000021165973152,0.1000021165973152,0.1000021165973152
HtoPFirst Pam 0.9525135438059782 3.0 7.962192181877993 19.456291744331242 4 1 1 0,0 3,3 0.44667982909520254,1.6461515831168911,0.44667982909520254 0.1,0.1,0.1,0.1
HtoPFirst Pam 0.9525180594801286 3.0 5.7762010506154695 19.457502998551178 4 1 1 0,0 3,3 0.44667982909520254,1.6461515831168911,0.44667982909520254 0.1,0.1,0.1,0.1
HtoPFirst Pam 0.952518410203478 3.0 5.776191728190136 19.456241935178188 4 1 1 0,0 3,3 0.44667982909520254,1.6461515831168911,0.44667982909520254 0.1,0.1,0.1,0.1
HtoPFirst Pam 0.9525185564222552 3.0 5.733161354776911 19.456241935178188 4 1 1 0,0 3,3 0.44667982909520254,1.6461515831168911,0.44667982909520254 0.1,0.1,0.1,0.1
HtoPFirst Pam 0.9525223557810789 3.0 5.3567708629307305 19.456241935178188 4 1 1 0,0 3,3 0.44667982909520254,1.6461515831168911,0.44667982909520254 0.1,0.1,0.1,0.1
HtoPFirst Pam 0.9525223562026732 3.0 5.35675137851653 19.45623480754696 4 1 1 0,0 3,3 0.44667982909520254,1.6461515831168911,0.44667982909520254 0.1,0.1,0.1,0.1
HtoPFirst Pam 0.9525225976695392 3.0 5.261333242141859 19.454611664983943 4 1 1 0,0 3,3 0.44667982909520254,1.6461515831168911,0.44667982909520254 0.1,0.1,0.1,0.1
HtoPFirst Pam 0.9525231754927451 3.0 5.261347158557582 19.45625081119339 4 1 1 0,0 3,3 0.44667982909520254,1.6461515831168911,0.44667982909520254 0.1,0.1,0.1,0.1

HtoPFirst Pam 3.6018211680977075e-05 3.0 32.18986129760742 19.756922349839446 4 1 1 0,0 3,3 0.44667982909520254,1.6461515831168911,0.44667982909520254 85.7868867293875,98.64854986229346,98.64854986229346,85.7868867293875
HtoPFirst Pam 3.602003759928252e-05 3.0 32.189845232681584 19.756922349839446 4 1 1 0,0 3,3 0.44667982909520254,1.6461515831168911,0.44667982909520254 85.78685872954524,98.64857786213572,98.64857786213572,85.78685872954524
HtoPFirst Pam 0.0006028072588269984 3.0 25.341164335608482 19.756922349839446 4 1 1 0,0 3,3 0.44667982909520254,1.6461515831168911,0.44667982909520254 62.340400060214655,50.861474450746165,50.861474450746165,62.340400060214655
HtoPFirst Pam 0.26707490391649835 3.0 0.0 19.756922349839446 4 1 1 0,0 3,3 0.44667982909520254,1.6461515831168911,0.44667982909520254 56.86852449246867,56.27152103147338,56.27152103147338,56.86852449246867
HtoPFirst Pam 0.5891831575335312 3.0 35.39381040398547 19.756922349839446 4 1 1 0,0 3,3 0.44667982909520254,1.6461515831168911,0.44667982909520254 0.8489265414622821,0.7580286418400334,0.7580286418400334,0.8489265414622821
HtoPFirst Pam 0.9337727367724581 3.0 35.39460323459974 19.756922349839446 4 1 1 0,0 3,3 0.44667982909520254,1.6461515831168911,0.44667982909520254 0.1,0.10896731997610441,0.10896731997610441,0.1
HtoPFirst Pam 0.9337730480116045 3.0 20.15493769943714 19.756922349839446 4 1 1 0,0 3,3 0.44667982909520254,1.6461515831168911,0.44667982909520254 0.1,0.10896731997610441,0.10896731997610441,0.1
HtoPFirst Pam 0.93377305618122 3.0 20.154937698156523 19.756922349839446 4 1 1 0,0 3,3 0.44667982909520254,1.6461515831168911,0.44667982909520254 0.1,0.10907007379281075,0.10907007379281075,0.1
HtoPFirst Pam 0.9337732898066232 3.0 16.792940729453804 19.756922349839446 4 1 1 0,0 3,3 0.44667982909520254,1.6461515831168911,0.44667982909520254 0.1,0.10907007379281075,0.10907007379281075,0.1
HtoPFirst Pam 0.9337732913797037 3.0 16.792940862680556 19.756922349839446 4 1 1 0,0 3,3 0.44667982909520254,1.6461515831168911,0.44667982909520254 0.1,0.10915278540818886,0.10915278540818886,0.1
