
fromhubbardvc3 Pam 0.15395677430052668 10.5 25.44214951992035 9.594468906521797 6 1 1 0,0 5,5 4.706702754450781,13.224051346517124,8.672285246400602,13.224051346517124,4.706702754450781 6.759822363608464,7.579192853154577,9.380192211450971,9.380192211450971,7.579192853154577,6.759822363608464
fromhubbardvc3 Pam 0.24687251138074529 10.5 0.09669668041169643 34.249016067013144 6 1 1 0,0 5,5 10.1957944848461,28.646319264296526,18.786153003320724,28.646319264296526,10.1957944848461 1.6834447749538506,5.941830757014353,0.28512512981930305,0.28512512981930305,5.941830757014353,1.6834447749538506
fromhubbardvc3 Pam 0.2905537635169517 10.5 26.146032869815826 43.56964793801308 6 1 1 0,0 5,5 10.1957944848461,28.646319264296526,18.786153003320724,28.646319264296526,10.1957944848461 1.6834447749538506,5.941830757014353,0.28512512981930305,0.28512512981930305,5.941830757014353,1.6834447749538506


fromhubbardvc3 Pam 0.2968929548666057 0.5 15.609282240271568 1.4370791912078857 4 1 1 0,0 3,3 44.951575936196306,62.82168597979427,44.951575936196306 0.7811830843836333,2.8385019901235613,2.8385019901235613,0.7811830843836333
fromhubbardvc3 Pam 0.5015697890892955 0.5 15.608228045444811 0.6239211736781838 4 1 1 0,0 3,3 103.18748686845153,144.20877938284207,103.18748686845153 0.1,0.1,0.1,0.1
fromhubbardvc3 Pam 0.7722561948920116 0.5 7.959859838709235 17.996422290802002 4 1 1 0,0 3,3 64.12634693094222,89.61922126256559,64.12634693094222 1.9858368936099304,8.48965954445299,8.48965954445299,1.9858368936099304
fromhubbardvc3 Pam 0.9700092966988817 0.5 8.08213698719551 19.251275928158734 4 1 1 0,0 3,3 60.06861067511467,83.94836707017319,60.06861067511467 3.1960174200581255,5.171227927715847,5.171227927715847,3.1960174200581255
fromhubbardvc3 Pam 0.9710375927035928 0.5 0.004967450480627633 1.1028112675994635 4 1 1 0,0 3,3 16.552322514495344,23.132555101468466,16.552322514495344 7.889053690144767,4.967724710545266,4.967724710545266,7.889053690144767
fromhubbardvc3 Pam 0.9917766005963452 0.5 0.0 0.842235783087919 4 1 1 0,0 3,3 21.3949574538102,29.900337657173022,21.3949574538102 10.0,8.576969134239373,8.576969134239373,10.0


fromhubbardvc3 Pam 0.0809055944660132 0.5 5.3529336750507355 4.824033245444298 4 1 1 0,0 3,3 58.7853365328677,82.15493839695701,58.7853365328677 7.504498545903807,0.45291829647054127,0.45291829647054127,7.504498545903807
fromhubbardvc3 Pam 0.08265762955077116 0.5 17.967066153883934 29.702110663056374 4 1 1 0,0 3,3 90.77235476018886,126.85811893414115,90.77235476018886 1.324701884351033,2.4977691944136393,2.4977691944136393,1.324701884351033
fromhubbardvc3 Pam 0.08522396670656951 0.5 7.02317526191473 23.75821977108717 4 1 1 0,0 3,3 117.36947999279667,164.02870115576937,117.36947999279667 4.064820680203839,8.053878299790547,8.053878299790547,4.064820680203839
fromhubbardvc3 Pam 0.24098357729244224 0.5 7.085183881969921 28.408309961969117 4 1 1 0,0 3,3 100.36280334503702,140.2611673669226,100.36280334503702 2.6079507084114244,7.37553174360567,7.37553174360567,2.6079507084114244
fromhubbardvc3 Pam 0.37547141933783557 0.5 10.693238276988268 36.13448363542557 4 1 1 0,0 3,3 22.250050380789467,31.095365378080558,22.250050380789467 2.1206807906964404,3.7665370002737775,3.7665370002737775,2.1206807906964404
fromhubbardvc3 Pam 0.5138415528526303 0.5 10.922744616866112 1.615562081336975 4 1 1 0,0 3,3 123.76412980890255,172.96548867281555,123.76412980890255 6.3548617375026915,2.2476154499312693,2.2476154499312693,6.3548617375026915
fromhubbardvc3 Pam 0.9178200970823577 0.5 11.622117078541784 1.6665680264940852 4 1 1 0,0 3,3 131.14600482490704,183.28196422543581,131.14600482490704 6.236821176169551,0.1,0.1,6.236821176169551
fromhubbardvc3 Pam 0.9360314791827461 0.5 10.807992841580756 39.83769942820072 4 1 1 0,0 3,3 71.85315442126033,100.41775420993261,71.85315442126033 6.593764045389527,4.426007725505082,4.426007725505082,6.593764045389527
fromhubbardvc3 Pam 0.9779451937437552 0.5 11.056034533834993 38.746202201116155 4 1 1 0,0 3,3 73.87968458066835,103.24991389847425,73.87968458066835 6.787724025559092,4.424664324964818,4.424664324964818,6.787724025559092
fromhubbardvc3 Pam 0.9815891640715732 0.5 11.467953944610315 38.746202201116155 4 1 1 0,0 3,3 73.87968458066835,103.24991389847425,73.87968458066835 6.787724025559092,4.424664324964818,4.424664324964818,6.787724025559092
fromhubbardvc3 Pam 0.9846388487407112 0.5 11.38579771001471 38.772771699763794 4 1 1 0,0 3,3 73.82651455798786,103.17560659336189,73.82651455798786 6.768638264070763,4.527549518377569,4.527549518377569,6.768638264070763
fromhubbardvc3 Pam 0.9859443960609994 0.5 11.742563532857048 38.772771699763794 4 1 1 0,0 3,3 73.82651455798786,103.17560659336189,73.82651455798786 6.768638264070763,4.527549518377569,4.527549518377569,6.768638264070763
fromhubbardvc3 Pam 0.986427751491844 0.5 11.723060325076737 38.77012808519344 4 1 1 0,0 3,3 73.83147632660015,103.18254087015139,73.83147632660015 6.767966661717183,4.532051159482118,4.532051159482118,6.767966661717183
fromhubbardvc3 Pam 0.986461225413307 0.5 11.543817237693808 38.80746242819588 4 1 1 0,0 3,3 73.75922125754808,103.08156142362697,73.75922125754808 6.755156136121674,4.576605702116733,4.576605702116733,6.755156136121674
fromhubbardvc3 Pam 0.9864822892321019 0.5 11.535007051300749 38.838561530980186 4 1 1 0,0 3,3 73.70055418748812,102.99957176751586,73.70055418748812 6.751892991732747,4.557150781043327,4.557150781043327,6.751892991732747
fromhubbardvc3 Pam 0.9864826687269506 0.5 11.535006504573346 38.83854293502806 4 1 1 0,0 3,3 73.7005695355704,102.99959321709542,73.7005695355704 6.751786379797116,4.557932187462074,4.557932187462074,6.751786379797116


fromhubbardvc3 Pam 0.12154238250544613 0.5 18.18061951547861 15.593965351581573 4 1 1 0,0 3,3 9.805451559798449,13.703523979984093,9.805451559798449 9.935144299165028,2.8942656195616885,2.8942656195616885,9.935144299165028
fromhubbardvc3 Pam 0.12343733892066422 0.5 8.330102533102036 43.89193070679903 4 1 1 0,0 3,3 4.228356346077262,5.909302823130637,4.228356346077262 8.187226181788747,8.943748655829207,8.943748655829207,8.187226181788747
fromhubbardvc3 Pam 0.2990909373059869 0.5 7.395144670868982 50.0 4 1 1 0,0 3,3 3.693262659550622,5.161487271736833,3.693262659550622 7.154647653396245,7.8570355195455805,7.8570355195455805,7.154647653396245
fromhubbardvc3 Pam 0.4444212005680894 0.5 5.966565743874526 48.245647087693214 4 1 1 0,0 3,3 1.583509344129281,2.2130197816458868,1.583509344129281 5.033244225205104,0.3290967460887021,0.3290967460887021,5.033244225205104
fromhubbardvc3 Pam 0.4980089949435358 0.5 5.708545559595086 50.0 4 1 1 0,0 3,3 1.5211165692311504,2.12582329897703,1.5211165692311504 4.866421841651208,0.3189435350546799,0.3189435350546799,4.866421841651208
fromhubbardvc3 Pam 0.6773478780405766 0.5 5.4186969407001015 20.626478513113398 4 1 1 0,0 3,3 10.322436071622327,14.426031210972292,10.322436071622327 1.561439449608296,2.171361973986461,2.171361973986461,1.561439449608296
fromhubbardvc3 Pam 0.8211702474165835 0.5 5.4875259445784 20.587228130172345 4 1 1 0,0 3,3 10.35895987814728,14.477074740737612,10.35895987814728 1.5563313850294038,2.033430349135563,2.033430349135563,1.5563313850294038
fromhubbardvc3 Pam 0.821176169784492 0.5 5.48946534846343 20.58295309197979 4 1 1 0,0 3,3 10.361032620257083,14.479971483537554,10.361032620257083 1.5566626447422753,2.033838933093167,2.033838933093167,1.5566626447422753
fromhubbardvc3 Pam 0.8211800600928783 0.5 5.489464963538831 20.582954274620164 4 1 1 0,0 3,3 10.36110932160435,14.480078676841723,10.36110932160435 1.556662910755141,2.0338392980978144,2.0338392980978144,1.556662910755141
fromhubbardvc3 Pam 0.8589768128835008 0.5 5.488942186881376 20.58309152790318 4 1 1 0,0 3,3 10.286728780077967,14.376128794652724,10.286728780077967 1.2240288775950785,0.26347266432046046,0.26347266432046046,1.2240288775950785
fromhubbardvc3 Pam 0.8598671723700538 0.5 5.488942186881376 20.58309152790318 4 1 1 0,0 3,3 10.286728780077967,14.376128794652724,10.286728780077967 1.2240288775950785,0.25536759437041423,0.25536759437041423,1.2240288775950785
fromhubbardvc3 Pam 0.9237521901514887 0.5 5.650721395642399 19.4747814684842 4 1 1 0,0 3,3 10.877402048977272,15.201619110456557,10.877402048977272 1.2772580870933565,0.1,0.1,1.2772580870933565
fromhubbardvc3 Pam 0.9237521901750513 0.5 5.6507213958094855 19.47478147064022 4 1 1 0,0 3,3 10.87740219921423,15.201619320418915,10.87740219921423 1.2772580876389696,0.1,0.1,1.2772580876389696
fromhubbardvc3 Pam 0.9516977835227788 0.5 5.3142867149139015 36.71948232757177 4 1 1 0,0 3,3 12.949516419090127,18.097484618224644,12.949516419090127 0.6556090186432829,0.3784894960624662,0.3784894960624662,0.6556090186432829
fromhubbardvc3 Pam 0.9917808572400705 0.5 5.263265633491521 38.02210714791814 4 1 1 0,0 3,3 12.506401198295352,17.47821277571687,12.506401198295352 0.6431828156556265,0.19162196051639274,0.19162196051639274,0.6431828156556265
fromhubbardvc3 Pam 0.9920349662173714 0.5 5.096877242558691 38.02210714791814 4 1 1 0,0 3,3 12.506401198295352,17.47821277571687,12.506401198295352 0.6431828156556265,0.19162196051639274,0.19162196051639274,0.6431828156556265
fromhubbardvc3 Pam 0.9930918507254972 0.5 5.142995068233849 37.99457382363381 4 1 1 0,0 3,3 12.515829906198546,17.49138978485956,12.515829906198546 0.6489487934895922,0.1,0.1,0.6489487934895922

