
fromhubbardvc2 Pam 0.201894594976868 10.5 2.489123869687319 9.69617149233818 6 1 1 0,0 5,5 12.508178164196671,35.14324122939487,23.04681102925751,35.14324122939487,12.508178164196671 3.475097343325615,3.475097343325615,3.475097343325615,3.475097343325615,3.475097343325615,3.475097343325615
fromhubbardvc2 Pam 0.21530595888207904 10.5 10.288888558745384 7.495936185121536 6 1 1 0,0 5,5 3.398806722886752,9.549359066246513,6.262435283465741,9.549359066246513,3.398806722886752 4.274862036108971,4.274862036108971,4.274862036108971,4.274862036108971,4.274862036108971,4.274862036108971
fromhubbardvc2 Pam 0.356080770958223 10.5 9.030732102963972 8.16145796323983 6 1 1 0,0 5,5 3.0639763488830933,8.608612584219184,5.645497128666636,8.608612584219184,3.0639763488830933 3.913247008552982,3.913247008552982,3.913247008552982,3.913247008552982,3.913247008552982,3.913247008552982
fromhubbardvc2 Pam 0.6060573010891885 10.5 16.20135685801506 25.219301596283913 6 1 1 0,0 5,5 1.0145272979727615,2.850437297776751,1.8693065139836957,2.850437297776751,1.0145272979727615 1.6527118533849716,1.6527118533849716,1.6527118533849716,1.6527118533849716,1.6527118533849716,1.6527118533849716
fromhubbardvc2 Pam 0.8920661948816985 10.5 18.73163870486695 25.16942411248725 6 1 1 0,0 5,5 0.9321726901628488,2.6190520544085096,1.7175649047206833,2.6190520544085096,0.9321726901628488 1.8420249625611953,1.8420249625611953,1.8420249625611953,1.8420249625611953,1.8420249625611953,1.8420249625611953
fromhubbardvc2 Pam 0.9261667495111606 10.5 13.574865374714136 32.46686632145975 6 1 1 0,0 5,5 0.8205154151471931,2.305337419121006,1.5118319767477209,2.305337419121006,0.8205154151471931 1.3147408776676457,1.3147408776676457,1.3147408776676457,1.3147408776676457,1.3147408776676457,1.3147408776676457
fromhubbardvc2 Pam 0.9388841394924052 10.5 17.235050038701488 32.43313371066317 6 1 1 0,0 5,5 0.8290399229222951,2.329288055989913,1.527538718147725,2.329288055989913,0.8290399229222951 1.3097937056473727,1.3097937056473727,1.3097937056473727,1.3097937056473727,1.3097937056473727,1.3097937056473727
fromhubbardvc2 Pam 0.9464269415404803 10.5 17.639320272642323 30.871341304808396 6 1 1 0,0 5,5 0.8441579510450838,2.371763986717596,1.5553942805411545,2.371763986717596,0.8441579510450838 1.0166021832665137,1.0166021832665137,1.0166021832665137,1.0166021832665137,1.0166021832665137,1.0166021832665137
fromhubbardvc2 Pam 0.9487643663994892 10.5 17.639788174284973 30.8498405859714 6 1 1 0,0 5,5 0.8497597800069802,2.387503003539186,1.565715871088417,2.387503003539186,0.8497597800069802 1.0092636294424886,1.0092636294424886,1.0092636294424886,1.0092636294424886,1.0092636294424886,1.0092636294424886
fromhubbardvc2 Pam 0.948879519535293 10.5 19.478263072340724 30.8498405859714 6 1 1 0,0 5,5 0.8497597800069802,2.387503003539186,1.565715871088417,2.387503003539186,0.8497597800069802 1.0092636294424886,1.0092636294424886,1.0092636294424886,1.0092636294424886,1.0092636294424886,1.0092636294424886
fromhubbardvc2 Pam 0.9490532859562293 10.5 19.478336011132154 30.85861219555956 6 1 1 0,0 5,5 0.8500672162478778,2.388366782886961,1.5662823344737717,2.388366782886961,0.8500672162478778 1.0115455474971902,1.0115455474971902,1.0115455474971902,1.0115455474971902,1.0115455474971902,1.0115455474971902
fromhubbardvc2 Pam 0.9490709122104067 10.5 19.6751295594604 30.85861219555956 6 1 1 0,0 5,5 0.8500672162478778,2.388366782886961,1.5662823344737717,2.388366782886961,0.8500672162478778 1.0115455474971902,1.0115455474971902,1.0115455474971902,1.0115455474971902,1.0115455474971902,1.0115455474971902
fromhubbardvc2 Pam 0.9490723565855974 10.5 19.675237551625415 30.859452104205534 6 1 1 0,0 5,5 0.8500813300738455,2.38840643739013,1.5663083397541335,2.38840643739013,0.8500813300738455 1.0117237859963184,1.0117237859963184,1.0117237859963184,1.0117237859963184,1.0117237859963184,1.0117237859963184
fromhubbardvc2 Pam 0.9490918567997243 10.5 19.927793317194613 30.859452104205534 6 1 1 0,0 5,5 0.8500813300738455,2.38840643739013,1.5663083397541335,2.38840643739013,0.8500813300738455 1.0117237859963184,1.0117237859963184,1.0117237859963184,1.0117237859963184,1.0117237859963184,1.0117237859963184
fromhubbardvc2 Pam 0.9490941045924316 10.5 19.92789438314133 30.860488460002895 6 1 1 0,0 5,5 0.8500962869915549,2.388448460661642,1.5663358984642435,2.388448460661642,0.8500962869915549 1.0119447662507073,1.0119447662507073,1.0119447662507073,1.0119447662507073,1.0119447662507073,1.0119447662507073
fromhubbardvc2 Pam 0.949096650227374 10.5 19.9603616244097 30.860488460002895 6 1 1 0,0 5,5 0.8500962869915549,2.388448460661642,1.5663358984642435,2.388448460661642,0.8500962869915549 1.0119447662507073,1.0119447662507073,1.0119447662507073,1.0119447662507073,1.0119447662507073,1.0119447662507073
fromhubbardvc2 Pam 0.9490966825543021 10.5 19.960378819996297 30.860539000218104 6 1 1 0,0 5,5 0.8500915454230553,2.3884351386507627,1.566327161937488,2.3884351386507627,0.8500915454230553 1.0120010627457123,1.0120010627457123,1.0120010627457123,1.0120010627457123,1.0120010627457123,1.0120010627457123


fromhubbardvc2 Pam 0.19072141551336275 10.5 39.35695917904377 3.1558588296175003 6 1 1 0,0 5,5 2.5800678179990824,7.249012967826042,4.753876596857104,7.249012967826042,2.5800678179990824 2.2030843421816826,2.2030843421816826,2.2030843421816826,2.2030843421816826,2.2030843421816826,2.2030843421816826
fromhubbardvc2 Pam 0.2784278826442339 10.5 14.05618272761065 3.2296873137655466 6 1 1 0,0 5,5 2.3816113202938687,6.691425405445562,4.388212681609053,6.691425405445562,2.3816113202938687 2.062107604719677,2.062107604719677,2.062107604719677,2.062107604719677,2.062107604719677,2.062107604719677
fromhubbardvc2 Pam 0.31112782980463627 10.5 36.254309982061386 38.660850808024406 6 1 1 0,0 5,5 3.913105217654616,10.994342966242193,7.210050520948872,10.994342966242193,3.913105217654616 7.260234862565994,7.260234862565994,7.260234862565994,7.260234862565994,7.260234862565994,7.260234862565994
fromhubbardvc2 Pam 0.5354536374630502 10.5 35.82101708415347 39.07400239623915 6 1 1 0,0 5,5 3.8995326446473704,10.956209178808423,7.185042520489287,10.956209178808423,3.8995326446473704 7.158184349756827,7.158184349756827,7.158184349756827,7.158184349756827,7.158184349756827,7.158184349756827
fromhubbardvc2 Pam 0.5700447021871174 10.5 34.911432668566704 8.338995032012463 6 1 1 0,0 5,5 1.5890167693137163,4.464535035277227,2.9278259970361162,4.464535035277227,1.5890167693137163 3.4301430881023407,3.4301430881023407,3.4301430881023407,3.4301430881023407,3.4301430881023407,3.4301430881023407
fromhubbardvc2 Pam 0.7053363179070772 10.5 25.190505702326053 8.225977152820242 6 1 1 0,0 5,5 1.5756670437816336,4.427027364810629,2.903228601828632,4.427027364810629,1.5756670437816336 3.3560174529973654,3.3560174529973654,3.3560174529973654,3.3560174529973654,3.3560174529973654,3.3560174529973654
fromhubbardvc2 Pam 0.7127234696567097 10.5 30.41662553424547 33.96976700485027 6 1 1 0,0 5,5 1.7854436681066663,5.0164201937395445,3.2897502963319405,5.0164201937395445,1.7854436681066663 1.0350840576019351,1.0350840576019351,1.0350840576019351,1.0350840576019351,1.0350840576019351,1.0350840576019351
fromhubbardvc2 Pam 0.7904813499401471 10.5 9.168068396439594 33.96976700485027 6 1 1 0,0 5,5 1.7854436681066663,5.0164201937395445,3.2897502963319405,5.0164201937395445,1.7854436681066663 1.0350840576019351,1.0350840576019351,1.0350840576019351,1.0350840576019351,1.0350840576019351,1.0350840576019351
fromhubbardvc2 Pam 0.833137403469139 10.5 9.137745394530215 34.065178050406885 6 1 1 0,0 5,5 1.794698249061818,5.0424220596159675,3.306802226327538,5.0424220596159675,1.794698249061818 1.0387125501143708,1.0387125501143708,1.0387125501143708,1.0387125501143708,1.0387125501143708,1.0387125501143708
fromhubbardvc2 Pam 0.8957510285392924 10.5 21.571512506169938 31.6186898455974 6 1 1 0,0 5,5 0.8504940974471762,2.3895661573095435,1.5670688799005337,2.3895661573095435,0.8504940974471762 1.0387125501143708,1.0387125501143708,1.0387125501143708,1.0387125501143708,1.0387125501143708,1.0387125501143708
fromhubbardvc2 Pam 0.9502530141940465 10.5 21.572370551793508 31.473799177258996 6 1 1 0,0 5,5 0.8385194367970857,2.3559218981423014,1.5450050959090267,2.3559218981423014,0.8385194367970857 1.0,1.0,1.0,1.0,1.0,1.0
fromhubbardvc2 Pam 0.9511392729995868 10.5 26.274335403396577 31.89309294458468 6 1 1 0,0 5,5 0.835329021080874,2.3469580388444045,1.5391266292649575,2.3469580388444045,0.835329021080874 1.0644115316764982,1.0644115316764982,1.0644115316764982,1.0644115316764982,1.0644115316764982,1.0644115316764982
fromhubbardvc2 Pam 0.9577981499184368 10.5 15.97779586582711 31.880963846278405 6 1 1 0,0 5,5 0.8324321022679811,2.338818794637372,1.5337889422276119,2.338818794637372,0.8324321022679811 1.0466193157223687,1.0466193157223687,1.0466193157223687,1.0466193157223687,1.0466193157223687,1.0466193157223687


fromhubbardvc2 Pam 0.006346174026169438 10.5 21.1688344925642 55.113514485768974 6 1 1 0,0 5,5 12.164871645139792,34.178679991422236,22.414255243278728,34.178679991422236,12.164871645139792 5.564224407076836,5.564224407076836,5.564224407076836,5.564224407076836,5.564224407076836,5.564224407076836
fromhubbardvc2 Pam 0.07847074261833631 10.5 80.24008364230394 13.54820092022419 6 1 1 0,0 5,5 0.623375752465943,1.75144966420241,1.148594381908254,1.75144966420241,0.623375752465943 8.99891084432602,8.99891084432602,8.99891084432602,8.99891084432602,8.99891084432602,8.99891084432602
fromhubbardvc2 Pam 0.1059846379093966 10.5 9.462907552719116 32.77102483063936 6 1 1 0,0 5,5 7.049163219614541,19.80547768350419,12.988360935078086,19.80547768350419,7.049163219614541 4.221734754741192,4.221734754741192,4.221734754741192,4.221734754741192,4.221734754741192,4.221734754741192
fromhubbardvc2 Pam 0.14166679419345785 10.5 22.24714457988739 27.184811383485794 6 1 1 0,0 5,5 7.441078155061684,20.906610153558532,13.710479643192446,20.906610153558532,7.441078155061684 6.1904512494802475,6.1904512494802475,6.1904512494802475,6.1904512494802475,6.1904512494802475,6.1904512494802475
fromhubbardvc2 Pam 0.3783208714614552 10.5 22.30446618602943 26.89210048715856 6 1 1 0,0 5,5 7.56222820805197,21.246995898093136,13.933703388553207,21.246995898093136,7.56222820805197 6.192410200158918,6.192410200158918,6.192410200158918,6.192410200158918,6.192410200158918,6.192410200158918
fromhubbardvc2 Pam 0.4908668625592164 10.5 39.17798440509068 26.020631758496165 6 1 1 0,0 5,5 1.552192382111777,4.36107246018642,2.8599756129137845,4.36107246018642,1.552192382111777 2.622758813202381,2.622758813202381,2.622758813202381,2.622758813202381,2.622758813202381,2.622758813202381
fromhubbardvc2 Pam 0.7191644797133332 10.5 15.78955404229095 26.41917931004867 6 1 1 0,0 5,5 1.5685620051649003,4.407064898432691,2.8901372882731424,4.407064898432691,1.5685620051649003 2.4794729564010565,2.4794729564010565,2.4794729564010565,2.4794729564010565,2.4794729564010565,2.4794729564010565
fromhubbardvc2 Pam 0.7371133129781975 10.5 103.67108300328255 30.729165766388178 6 1 1 0,0 5,5 1.4712928279203858,4.133775366159045,2.7109149972649735,4.133775366159045,1.4712928279203858 1.3053443878889084,1.3053443878889084,1.3053443878889084,1.3053443878889084,1.3053443878889084,1.3053443878889084
fromhubbardvc2 Pam 0.8390328827199162 10.5 103.67103454100896 30.786965272534548 6 1 1 0,0 5,5 1.4587363375116702,4.098496385828306,2.687779169021921,4.098496385828306,1.4587363375116702 1.2278389598649382,1.2278389598649382,1.2278389598649382,1.2278389598649382,1.2278389598649382,1.2278389598649382
fromhubbardvc2 Pam 0.846311262705428 10.5 45.544616732815484 30.786965272534548 6 1 1 0,0 5,5 1.4587363375116702,4.098496385828306,2.687779169021921,4.098496385828306,1.4587363375116702 1.2278389598649382,1.2278389598649382,1.2278389598649382,1.2278389598649382,1.2278389598649382,1.2278389598649382
fromhubbardvc2 Pam 0.8710937162035949 10.5 15.19739536649273 30.80952020064904 6 1 1 0,0 5,5 1.4592463565343563,4.0999293460332655,2.688718899163503,4.0999293460332655,1.4592463565343563 1.2139363041120892,1.2139363041120892,1.2139363041120892,1.2139363041120892,1.2139363041120892,1.2139363041120892
fromhubbardvc2 Pam 0.879765529640964 10.5 25.3388399194707 50.760210377929525 6 1 1 0,0 5,5 0.6399290103042603,1.797958046614927,1.1790944115936541,1.797958046614927,0.6399290103042603 1.0511930584907532,1.0511930584907532,1.0511930584907532,1.0511930584907532,1.0511930584907532,1.0511930584907532
fromhubbardvc2 Pam 0.95209901117573 10.5 25.327444916086762 50.911799491450374 6 1 1 0,0 5,5 0.6615240631556805,1.8586319626526213,1.2188841472130358,1.8586319626526213,0.6615240631556805 1.0702093577346476,1.0702093577346476,1.0702093577346476,1.0702093577346476,1.0702093577346476,1.0702093577346476


fromhubbardvc2 Pam 0.6483074105767662 10.5 54.468763843800964 45.418340772500855 6 1 1 0,0 5,5 8.005782102604853,22.493214276971713,14.750968913145137,22.493214276971713,8.005782102604853 1.261892262205568,1.261892262205568,1.261892262205568,1.261892262205568,1.261892262205568,1.261892262205568
fromhubbardvc2 Pam 0.752675913029544 10.5 35.450757555663586 58.016326477751136 6 1 1 0,0 5,5 0.5764852948123902,1.619705245227597,1.0621968664243324,1.619705245227597,0.5764852948123902 1.257147175161212,1.257147175161212,1.257147175161212,1.257147175161212,1.257147175161212,1.257147175161212
fromhubbardvc2 Pam 0.7694035168560093 10.5 35.450757555663586 58.016326477751136 6 1 1 0,0 5,5 0.5764852948123902,1.619705245227597,1.0621968664243324,1.619705245227597,0.5764852948123902 1.4378566960863801,1.4378566960863801,1.4378566960863801,1.4378566960863801,1.4378566960863801,1.4378566960863801
fromhubbardvc2 Pam 0.9274547200968799 10.5 35.45027997494931 57.933048239677106 6 1 1 0,0 5,5 0.6181115251930206,1.7366591802078488,1.1388948357728,1.7366591802078488,0.6181115251930206 1.447127748098358,1.447127748098358,1.447127748098358,1.447127748098358,1.447127748098358,1.447127748098358
fromhubbardvc2 Pam 0.9810031339072991 10.5 74.20738199344675 72.46542926972916 6 1 1 0,0 5,5 0.5538953676797442,1.5562361094225576,1.020574035748557,1.5562361094225576,0.5538953676797442 0.22768147650867868,0.22768147650867868,0.22768147650867868,0.22768147650867868,0.22768147650867868,0.22768147650867868
fromhubbardvc2 Pam 0.9842526740395859 10.5 74.20738895819288 72.33859486333353 6 1 1 0,0 5,5 0.5552973816041026,1.5601752373198343,1.0231573016367552,1.5601752373198343,0.5552973816041026 0.23173380410153452,0.23173380410153452,0.23173380410153452,0.23173380410153452,0.23173380410153452,0.23173380410153452

