
fromhubbardvc Pam 2.5704651578362103e-05 10.5 7.064846236258745 0.03141110993856498 4 2 2 0,1,0,1 3,2,3,2 6419.957634888068,7411.448227614164,6419.957634888068 1.7755945436656475,1.7755945436656475,1.7755945436656475,1.7755945436656475
fromhubbardvc Pam 0.0004247762495251939 10.5 11.139066152274609 0.03141110993856498 4 2 2 0,1,0,1 3,2,3,2 6730.540755912717,7769.997435063124,6730.540755912717 5.728773534297943,5.728773534297943,5.728773534297943,5.728773534297943
fromhubbardvc Pam 0.00042478111979793454 10.5 11.139066152274609 0.03141110993856498 4 2 2 0,1,0,1 3,2,3,2 6730.540755912717,7769.997435063124,6730.540755912717 3.8710558265447617,3.8710558265447617,3.8710558265447617,3.8710558265447617
fromhubbardvc Pam 0.11167826062417596 10.5 11.139066152274609 0.03141110993856498 4 2 2 0,1,0,1 3,2,3,2 7218.48599434207,8333.300353586674,7218.48599434207 3.8710558265447617,3.8710558265447617,3.8710558265447617,3.8710558265447617
fromhubbardvc Pam 0.9902756308484912 10.5 11.139066152274609 0.03141110993856498 4 2 2 0,1,0,1 3,2,3,2 7190.1315116846,8300.566838478317,7190.1315116846 3.8710567634443733,3.8710567634443733,3.8710567634443733,3.8710567634443733


fromhubbardvc Pam 0.320904400458207 10.5 9.966347888112068 46.22857454883429 6 1 1 0,0 5,5 6.418460203404827,18.03344118451909,11.82626578106318,18.03344118451909,6.418460203404827 1.6716503649950027,1.6716503649950027,1.6716503649950027,1.6716503649950027,1.6716503649950027,1.6716503649950027
fromhubbardvc Pam 0.47775538544279716 10.5 12.722778343854884 46.22857454883429 6 1 1 0,0 5,5 7.025367123617144,19.73861967021269,12.944515690751789,19.73861967021269,7.025367123617144 1.0,1.0,1.0,1.0,1.0,1.0
fromhubbardvc Pam 0.6059810658942723 10.5 12.041387930512428 46.22857454883429 6 1 1 0,0 5,5 1.928433337835283,5.418166986167569,3.553214395908349,5.418166986167569,1.928433337835283 9.859594531357288,9.859594531357288,9.859594531357288,9.859594531357288,9.859594531357288,9.859594531357288
fromhubbardvc Pam 0.8338223958049773 10.5 12.096681283791717 46.22857454883429 6 1 1 0,0 5,5 2.0192944818354124,5.673452373060713,3.72062963321822,5.673452373060713,2.0192944818354124 9.851992547032127,9.851992547032127,9.851992547032127,9.851992547032127,9.851992547032127,9.851992547032127
fromhubbardvc Pam 0.8635807009942778 10.5 19.345639474873906 46.22857454883429 6 1 1 0,0 5,5 1.1990816375139015,3.3689650633142576,2.2093551551366457,3.3689650633142576,1.1990816375139015 1.1985148430349,1.1985148430349,1.1985148430349,1.1985148430349,1.1985148430349,1.1985148430349
fromhubbardvc Pam 0.88789605904072 10.5 14.545779528553844 46.22857454883429 6 1 1 0,0 5,5 1.1952122186624623,3.3580934624840957,2.2022255984664802,3.3580934624840957,1.1952122186624623 1.2120346367938204,1.2120346367938204,1.2120346367938204,1.2120346367938204,1.2120346367938204,1.2120346367938204
fromhubbardvc Pam 0.8923592721172132 10.5 14.412246349210804 46.22857454883429 6 1 1 0,0 5,5 1.1952122186624623,3.3580934624840957,2.2022255984664802,3.3580934624840957,1.1952122186624623 1.04232673468384,1.04232673468384,1.04232673468384,1.04232673468384,1.04232673468384,1.04232673468384
fromhubbardvc Pam 0.9102946586177275 10.5 14.405060542010569 46.22857454883429 6 1 1 0,0 5,5 1.1954702102200945,3.3588183210067357,2.202700958075037,3.3588183210067357,1.1954702102200945 1.0625748800443113,1.0625748800443113,1.0625748800443113,1.0625748800443113,1.0625748800443113,1.0625748800443113
fromhubbardvc Pam 0.911853383476091 10.5 13.581632607907522 46.22857454883429 6 1 1 0,0 5,5 1.1954702102200945,3.3588183210067357,2.202700958075037,3.3588183210067357,1.1954702102200945 1.0625748800443113,1.0625748800443113,1.0625748800443113,1.0625748800443113,1.0625748800443113,1.0625748800443113
fromhubbardvc Pam 0.9122045368665301 10.5 13.572746373872578 46.22857454883429 6 1 1 0,0 5,5 1.196526667868266,3.3617865667009488,2.204647522911115,3.3617865667009488,1.196526667868266 1.0600827836656783,1.0600827836656783,1.0600827836656783,1.0600827836656783,1.0600827836656783,1.0600827836656783
fromhubbardvc Pam 0.912512832531959 10.5 13.43432490952555 46.22857454883429 6 1 1 0,0 5,5 1.196526667868266,3.3617865667009488,2.204647522911115,3.3617865667009488,1.196526667868266 1.0600827836656783,1.0600827836656783,1.0600827836656783,1.0600827836656783,1.0600827836656783,1.0600827836656783


fromhubbardvc Pam 0.7655728198561915 0.5 16.40636482089758 18.847407002004044 4 1 1 0,0 3,3 116.2099145248442,162.4081604698517,116.2099145248442 4.73978678137064,4.73978678137064,4.73978678137064,4.73978678137064
fromhubbardvc Pam 0.9523230153262621 0.5 18.24059235304594 18.847407002004044 4 1 1 0,0 3,3 65.66927040772283,91.77552061649133,65.66927040772283 3.5144298672676086,3.5144298672676086,3.5144298672676086,3.5144298672676086
fromhubbardvc Pam 0.967339531364955 0.5 16.46948518322732 18.847407002004044 4 1 1 0,0 3,3 65.66777355551369,91.77342870363883,65.66777355551369 3.5391639133656643,3.5391639133656643,3.5391639133656643,3.5391639133656643
fromhubbardvc Pam 0.9907444436962866 0.5 6.132383693708107 18.847407002004044 4 1 1 0,0 3,3 100.80843922760005,140.8839619384731,100.80843922760005 1.6578770601190627,1.6578770601190627,1.6578770601190627,1.6578770601190627
fromhubbardvc Pam 0.9907590794066241 0.5 10.64801450073719 18.847407002004044 4 1 1 0,0 3,3 100.80843922760005,140.8839619384731,100.80843922760005 1.6578770601190627,1.6578770601190627,1.6578770601190627,1.6578770601190627
fromhubbardvc Pam 0.994173300302314 0.5 10.648011408454153 18.847407002004044 4 1 1 0,0 3,3 100.80942989639189,140.88534643907082,100.80942989639189 1.6107132487999267,1.6107132487999267,1.6107132487999267,1.6107132487999267
fromhubbardvc Pam 0.9954090899360306 0.5 9.062028633586124 18.847407002004044 4 1 1 0,0 3,3 112.01440134338971,156.54475732724492,112.01440134338971 1.6142566404011216,1.6142566404011216,1.6142566404011216,1.6142566404011216
fromhubbardvc Pam 0.9954119486023965 0.5 6.34434344755115 18.847407002004044 4 1 1 0,0 3,3 112.01440134338971,156.54475732724492,112.01440134338971 1.6142566404011216,1.6142566404011216,1.6142566404011216,1.6142566404011216
fromhubbardvc Pam 0.9988155354674241 0.5 6.344343692943655 18.847407002004044 4 1 1 0,0 3,3 112.01701533026329,156.54841048198105,112.01701533026329 1.5720919255516768,1.5720919255516768,1.5720919255516768,1.5720919255516768
fromhubbardvc Pam 0.9988159252125052 0.5 7.469084370977697 18.847407002004044 4 1 1 0,0 3,3 112.01701533026329,156.54841048198105,112.01701533026329 1.5720919255516768,1.5720919255516768,1.5720919255516768,1.5720919255516768
fromhubbardvc Pam 0.9988159252282732 0.5 7.469084371143885 18.847407002004044 4 1 1 0,0 3,3 112.01701544843942,156.54841064713708,112.01701544843942 1.5720919245028613,1.5720919245028613,1.5720919245028613,1.5720919245028613


fromhubbardvc Pam 0.07498680792236279 0.5 14.968756191432476 18.847407002004044 4 1 1 0,0 3,3 7.17990821544073,10.034218598128412,7.17990821544073 3.349999390542507,3.349999390542507,3.349999390542507,3.349999390542507
fromhubbardvc Pam 0.18310204437912025 0.5 10.074582815170288 18.847407002004044 4 1 1 0,0 3,3 5.103849209046235,7.132840298058191,5.103849209046235 1.4558260142803192,1.4558260142803192,1.4558260142803192,1.4558260142803192
fromhubbardvc Pam 0.4390709682431617 0.5 11.592650524891697 18.847407002004044 4 1 1 0,0 3,3 5.8592941207313265,8.188605797454164,5.8592941207313265 1.4119763914823529,1.4119763914823529,1.4119763914823529,1.4119763914823529
fromhubbardvc Pam 0.5371236674626215 0.5 8.609839553013444 18.847407002004044 4 1 1 0,0 3,3 11.933941295390667,16.678176391957,11.933941295390667 2.163842094971187,2.163842094971187,2.163842094971187,2.163842094971187
fromhubbardvc Pam 0.6069723784915038 0.5 8.746630316908655 18.847407002004044 4 1 1 0,0 3,3 11.924734504014761,16.66530952033676,11.924734504014761 2.1852838633992397,2.1852838633992397,2.1852838633992397,2.1852838633992397
fromhubbardvc Pam 0.6692774679697968 0.5 16.124595482497455 18.847407002004044 4 1 1 0,0 3,3 12.66145450939854,17.69490618895955,12.66145450939854 1.5147581710480154,1.5147581710480154,1.5147581710480154,1.5147581710480154
fromhubbardvc Pam 0.7571410692478241 0.5 16.10230633816438 18.847407002004044 4 1 1 0,0 3,3 12.677790914013563,17.717736989868964,12.677790914013563 1.492140980863022,1.492140980863022,1.492140980863022,1.492140980863022
fromhubbardvc Pam 0.7577558307267455 0.5 9.60431009158492 18.847407002004044 4 1 1 0,0 3,3 12.677790914013563,17.717736989868964,12.677790914013563 1.492140980863022,1.492140980863022,1.492140980863022,1.492140980863022
fromhubbardvc Pam 0.8506189154263372 0.5 9.518602816226954 18.847407002004044 4 1 1 0,0 3,3 12.680658445703669,17.721744483969474,12.680658445703669 1.4558434137755067,1.4558434137755067,1.4558434137755067,1.4558434137755067
fromhubbardvc Pam 0.8547502390139342 0.5 8.717162788845258 18.847407002004044 4 1 1 0,0 3,3 12.680658445703669,17.721744483969474,12.680658445703669 1.4558434137755067,1.4558434137755067,1.4558434137755067,1.4558434137755067
fromhubbardvc Pam 0.8554089810354965 0.5 8.742037503584859 18.847407002004044 4 1 1 0,0 3,3 12.680934970017898,17.722130938132036,12.680934970017898 1.4560397478291107,1.4560397478291107,1.4560397478291107,1.4560397478291107
fromhubbardvc Pam 0.8567653192843826 0.5 5.340441511290486 18.847407002004044 4 1 1 0,0 3,3 12.680934970017898,17.722130938132036,12.680934970017898 1.4560397478291107,1.4560397478291107,1.4560397478291107,1.4560397478291107
fromhubbardvc Pam 0.8630697739111803 0.5 5.442496218459677 18.847407002004044 4 1 1 0,0 3,3 12.680427941481794,17.721422344788767,12.680427941481794 1.4613952683288698,1.4613952683288698,1.4613952683288698,1.4613952683288698
fromhubbardvc Pam 0.8636314879564548 0.5 6.515097112135123 18.847407002004044 4 1 1 0,0 3,3 12.680427941481794,17.721422344788767,12.680427941481794 1.4613952683288698,1.4613952683288698,1.4613952683288698,1.4613952683288698
fromhubbardvc Pam 0.8639078274530103 0.5 6.537696781101267 18.847407002004044 4 1 1 0,0 3,3 12.680318106656715,17.72126884607939,12.680318106656715 1.4612313987310008,1.4612313987310008,1.4612313987310008,1.4612313987310008
fromhubbardvc Pam 0.8723082598625856 0.5 7.382348995758036 18.847407002004044 4 1 1 0,0 3,3 12.680318106656715,17.72126884607939,12.680318106656715 1.4612313987310008,1.4612313987310008,1.4612313987310008,1.4612313987310008
fromhubbardvc Pam 0.8745817342397343 0.5 7.335677764958574 18.847407002004044 4 1 1 0,0 3,3 12.680560651145258,17.721607812030594,12.680560651145258 1.459304824354825,1.459304824354825,1.459304824354825,1.459304824354825
fromhubbardvc Pam 0.8745817342403023 0.5 7.3356777650542755 18.847407002004044 4 1 1 0,0 3,3 12.680560662114942,17.72160782736118,12.680560662114942 1.4593048244405398,1.4593048244405398,1.4593048244405398,1.4593048244405398


fromhubbardvc Pam 0.1297265261540277 0.5 6.6162604838609695 18.847407002004044 4 1 1 0,0 3,3 0.742286036361228,1.0373754270519815,0.742286036361228 10.386279303580523,10.386279303580523,10.386279303580523,10.386279303580523
fromhubbardvc Pam 0.378455315439129 0.5 6.501927474049608 18.847407002004044 4 1 1 0,0 3,3 1.394845322970204,1.949354011400954,1.394845322970204 10.299427939759886,10.299427939759886,10.299427939759886,10.299427939759886
fromhubbardvc Pam 0.39907695260264586 0.5 9.91896359436214 18.847407002004044 4 1 1 0,0 3,3 8.796580682795142,12.293585215674234,8.796580682795142 1.0061401058919728,1.0061401058919728,1.0061401058919728,1.0061401058919728
fromhubbardvc Pam 0.6292990295659023 0.5 10.083187678093145 18.847407002004044 4 1 1 0,0 3,3 8.776124110979438,12.264996310745666,8.776124110979438 1.0,1.0,1.0,1.0
fromhubbardvc Pam 0.6432498499805438 0.5 14.256909832787876 18.847407002004044 4 1 1 0,0 3,3 12.754778974234036,17.825330987245806,12.754778974234036 1.7686292875755498,1.7686292875755498,1.7686292875755498,1.7686292875755498
fromhubbardvc Pam 0.6765072548975639 0.5 9.829440067129504 18.847407002004044 4 1 1 0,0 3,3 12.754778974234036,17.825330987245806,12.754778974234036 1.7686292875755498,1.7686292875755498,1.7686292875755498,1.7686292875755498
fromhubbardvc Pam 0.7709269980052295 0.5 9.69561057009804 18.847407002004044 4 1 1 0,0 3,3 12.74786806195868,17.8156727015961,12.74786806195868 1.7530245890251395,1.7530245890251395,1.7530245890251395,1.7530245890251395
fromhubbardvc Pam 0.7745927248145165 0.5 5.770264090356628 18.847407002004044 4 1 1 0,0 3,3 12.74786806195868,17.8156727015961,12.74786806195868 1.7530245890251395,1.7530245890251395,1.7530245890251395,1.7530245890251395
fromhubbardvc Pam 0.796239857017073 0.5 5.639312381593553 18.847407002004044 4 1 1 0,0 3,3 12.747004066825209,17.81446523267354,12.747004066825209 1.765088048847409,1.765088048847409,1.765088048847409,1.765088048847409
fromhubbardvc Pam 0.9008041601912812 0.5 5.2932896427758145 18.847407002004044 4 1 1 0,0 3,3 14.078092314594523,19.67471609532292,14.078092314594523 1.348601239318576,1.348601239318576,1.348601239318576,1.348601239318576
fromhubbardvc Pam 0.9358703772869725 0.5 5.293363198124743 18.847407002004044 4 1 1 0,0 3,3 14.080272093103277,19.677762425916022,14.080272093103277 1.3672353186638884,1.3672353186638884,1.3672353186638884,1.3672353186638884
fromhubbardvc Pam 0.9359323602331454 0.5 5.557013555687382 18.847407002004044 4 1 1 0,0 3,3 14.080272093103277,19.677762425916022,14.080272093103277 1.3672353186638884,1.3672353186638884,1.3672353186638884,1.3672353186638884
fromhubbardvc Pam 0.9366290608104255 0.5 5.590951934967568 18.847407002004044 4 1 1 0,0 3,3 14.080705148938103,19.678367639350714,14.080705148938103 1.364135352387721,1.364135352387721,1.364135352387721,1.364135352387721




fromhubbardvc Pam 0.09325753199314157 0.5 11.808315634727478 18.847407002004044 4 1 1 0,0 3,3 6.55729844512314,9.164095701116736,6.55729844512314 11.67094610631466,11.67094610631466,11.67094610631466,11.67094610631466
fromhubbardvc Pam 0.1182216850822907 0.5 11.829250756651163 18.847407002004044 4 1 1 0,0 3,3 6.557294048667376,9.164089556888024,6.557294048667376 5.8300138264894485,5.8300138264894485,5.8300138264894485,5.8300138264894485
fromhubbardvc Pam 0.12471241510941511 0.5 11.829734737695704 18.847407002004044 4 1 1 0,0 3,3 6.55729368394511,9.16408904717358,6.55729368394511 5.847562990828024,5.847562990828024,5.847562990828024,5.847562990828024
fromhubbardvc Pam 0.1322369989210408 0.5 9.277400471270084 18.847407002004044 4 1 1 0,0 3,3 6.557295560161718,9.164091669263865,6.557295560161718 6.165766261518002,6.165766261518002,6.165766261518002,6.165766261518002
fromhubbardvc Pam 0.1434277219039991 0.5 10.294812977313995 18.847407002004044 4 1 1 0,0 3,3 6.5572987386545005,9.16409611133895,6.5572987386545005 2.0262203067541122,2.0262203067541122,2.0262203067541122,2.0262203067541122
fromhubbardvc Pam 0.2325326284233471 0.5 10.06049293994569 18.847407002004044 4 1 1 0,0 3,3 6.557300247802652,9.16409822043589,6.557300247802652 2.0762590279197553,2.0762590279197553,2.0762590279197553,2.0762590279197553
fromhubbardvc Pam 0.23872201871569276 0.5 13.179896955086406 18.847407002004044 4 1 1 0,0 3,3 6.557296724889979,9.164093297019768,6.557296724889979 2.4526835158467293,2.4526835158467293,2.4526835158467293,2.4526835158467293
fromhubbardvc Pam 0.2906098911437167 0.5 13.413775378807168 18.847407002004044 4 1 1 0,0 3,3 6.557300247802652,9.16409822043589,6.557300247802652 2.44120544233995,2.44120544233995,2.44120544233995,2.44120544233995
fromhubbardvc Pam 0.30529552461579623 0.5 11.586701735039242 18.847407002004044 4 1 1 0,0 3,3 6.557299707496617,9.164097465335866,6.557299707496617 13.242399614304304,13.242399614304304,13.242399614304304,13.242399614304304
fromhubbardvc Pam 0.3693349728494799 0.5 11.476240609279895 18.847407002004044 4 1 1 0,0 3,3 6.55729368394511,9.16408904717358,6.55729368394511 13.261535490203935,13.261535490203935,13.261535490203935,13.261535490203935
fromhubbardvc Pam 0.3700307021439413 0.5 11.462882089156665 18.847407002004044 4 1 1 0,0 3,3 6.55729564696135,9.16409179056994,6.55729564696135 12.916405752766877,12.916405752766877,12.916405752766877,12.916405752766877
fromhubbardvc Pam 0.3725181770830248 0.5 11.469581372274913 18.847407002004044 4 1 1 0,0 3,3 6.557300247802652,9.16409822043589,6.557300247802652 12.91261486687821,12.91261486687821,12.91261486687821,12.91261486687821
fromhubbardvc Pam 0.4385502123264302 0.5 13.530493878311084 18.847407002004044 4 1 1 0,0 3,3 6.557294022955162,9.164089520954143,6.557294022955162 1.4107531681656837,1.4107531681656837,1.4107531681656837,1.4107531681656837
fromhubbardvc Pam 0.438578848211831 0.5 13.530493878311084 18.847407002004044 4 1 1 0,0 3,3 6.557300135984095,9.164098064164833,6.557300135984095 1.4107531681656837,1.4107531681656837,1.4107531681656837,1.4107531681656837
fromhubbardvc Pam 0.5079838132817167 0.5 8.107370605459437 18.847407002004044 4 1 1 0,0 3,3 6.557300135984095,9.164098064164833,6.557300135984095 1.4107531681656837,1.4107531681656837,1.4107531681656837,1.4107531681656837
fromhubbardvc Pam 0.5233510038417077 0.5 8.080203586777266 18.847407002004044 4 1 1 0,0 3,3 6.557300247802652,9.16409822043589,6.557300247802652 1.4029352277372937,1.4029352277372937,1.4029352277372937,1.4029352277372937
fromhubbardvc Pam 0.5242294545203173 0.5 7.496066674264512 18.847407002004044 4 1 1 0,0 3,3 6.557299486853144,9.164097156977489,6.557299486853144 1.4029352277372937,1.4029352277372937,1.4029352277372937,1.4029352277372937
fromhubbardvc Pam 0.5384024182133607 0.5 7.468215849582005 18.847407002004044 4 1 1 0,0 3,3 6.557300247802652,9.16409822043589,6.557300247802652 1.3953907227508204,1.3953907227508204,1.3953907227508204,1.3953907227508204
fromhubbardvc Pam 0.5410196513360471 0.5 5.554691119306767 18.847407002004044 4 1 1 0,0 3,3 6.557297238678882,9.164094015061004,6.557297238678882 1.3953907227508204,1.3953907227508204,1.3953907227508204,1.3953907227508204
fromhubbardvc Pam 0.5583734767766781 0.5 5.49939664692721 18.847407002004044 4 1 1 0,0 3,3 6.557300247802652,9.16409822043589,6.557300247802652 1.3858833210355759,1.3858833210355759,1.3858833210355759,1.3858833210355759

